uid	sid	wid	speaker	start	end	text	backchannels
1	1	1	AH0002	0.67	0.83	이건	[]
1	1	2	AH0002	0.93	1.17	미운	[]
1	1	3	AH0002	1.29	1.631	사람을	[]
1	1	4	AH0002	1.751	2.551	겨누어서	[]
1	1	5	AH0002	2.591	2.751	이걸	[]
1	1	6	AH0002	2.851	3.372	던지면	[1]
1	1	7	AH0002	3.792	3.812	어	[]
1	1	8	AH0002	4.533	4.893	절로	[]
1	1	9	AH0002	5.773	5.793	어	[]
1	1	10	AH0002	6.474	6.934	죽는	[2]
1	1	11	AH0002	6.954	7.154	모다	[]
1	1	12	AH0002	7.454	7.695	이렇게	[]
1	1	13	AH0002	7.735	7.915	대답을	[]
1	1	14	AH0002	7.935	8.015	하죠.	[3]
1	2	1	AH0002	8.907	9.348	어떻게	[]
1	2	2	AH0002	9.368	9.99	하겠습니까요	[]
1	2	3	AH0002	10.432	10.713	영산	[]
1	2	4	AH0002	10.733	12.117	각시가?	[]
2	3	1	AH0001	12.117	12.608	그거를	[]
3	4	1	AH0002	12.853	13.033	여덟	[]
3	4	2	AH0002	13.133	13.394	번째	[]
3	4	3	AH0002	13.434	13.634	여덟	[]
3	4	4	AH0002	13.714	13.895	모가	[]
3	4	5	AH0002	14.035	14.215	여덟	[]
3	4	6	AH0002	15.116	15.317	번째	[]
3	4	7	AH0002	15.377	15.557	모가	[]
3	4	8	AH0002	15.617	15.918	나오는	[]
3	4	9	AH0002	15.978	16.198	거를	[]
3	4	10	AH0002	16.939	17.48	이무기한테	[]
3	4	11	AH0002	17.58	18.281	대망신한테	[]
3	4	12	AH0002	18.341	18.562	던져	[]
3	4	13	AH0002	18.622	19.383	버리겠죠.	[]
4	5	1	AH0001	19.381	20.318	예.	[]
4	5	2	AH0001	20.4	20.42	에	[]
5	6	1	AH0002	20.42	20.781	그래서	[]
5	6	2	AH0002	20.821	21.263	이제	[]
5	6	3	AH0002	21.665	22.026	이	[]
5	6	4	AH0002	22.307	23.07	대망신	[]
5	6	5	AH0002	23.933	26.0	이무기를	[]
5	6	6	AH0002	26.081	26.683	처치합니다.	[]
5	7	1	AH0002	26.683	27.367	처치하고	[4]
5	7	2	AH0002	27.387	27.548	이제	[]
5	7	3	AH0002	27.588	27.99	남편을	[]
5	7	4	AH0002	28.372	28.915	구하게	[]
5	7	5	AH0002	28.935	28.956	된	[5]
5	7	6	AH0002	29.237	29.76	거죠.	[]
6	8	1	AH0001	29.76	29.781	예.	[]
7	9	1	AH0002	31.854	31.954	이제	[]
7	9	2	AH0002	31.974	32.175	이야기가	[]
7	9	3	AH0002	32.275	32.436	인제	[]
7	9	4	AH0002	32.516	32.837	거기서	[]
7	9	5	AH0002	32.937	33.238	끝나는	[]
7	9	6	AH0002	33.338	33.419	게	[]
7	9	7	AH0002	33.479	33.82	아니고	[6]
7	9	8	AH0002	34.602	34.843	거기서	[]
7	9	9	AH0002	34.923	35.244	끝나는	[]
7	9	10	AH0002	35.344	35.405	게	[]
7	9	11	AH0002	35.445	35.806	아니고	[]
7	9	12	AH0002	36.648	37.11	이	[]
7	9	13	AH0002	37.551	37.872	영산	[]
7	9	14	AH0002	37.952	38.374	각시가	[]
7	10	1	AH0002	39.493	39.673	그	[]
7	10	2	AH0002	39.913	40.374	죽은	[]
7	10	3	AH0002	40.894	41.355	어	[]
7	10	4	AH0002	41.575	41.915	이	[]
7	10	5	AH0002	42.155	43.377	대망신을	[]
7	10	6	AH0002	44.858	45.278	화장을	[]
7	10	7	AH0002	45.338	45.919	해요.	[]
7	11	1	AH0002	46.02	46.802	화장을	[7]
7	11	2	AH0002	46.922	47.323	나무를	[8]
7	11	3	AH0002	48.085	48.266	우물	[]
7	11	4	AH0002	48.326	48.426	정	[]
7	11	5	AH0002	48.526	48.586	자	[]
7	11	6	AH0002	48.626	49.088	형태로	[]
7	11	7	AH0002	49.188	49.248	높이	[]
7	11	8	AH0002	49.549	50.01	쌓아놓고	[]
7	11	9	AH0002	50.17	50.471	화장을	[]
7	11	10	AH0002	50.511	50.912	합니다.	[]
7	12	1	AH0002	51.568	51.808	그리고	[]
7	12	2	AH0002	51.948	52.529	화장하고	[]
7	12	3	AH0002	52.829	53.109	남은	[]
7	12	4	AH0002	53.229	53.329	그	[]
7	12	5	AH0002	53.53	53.81	재를	[]
7	12	6	AH0002	53.95	54.17	모아	[]
7	12	7	AH0002	54.23	54.67	가지고	[9]
7	12	8	AH0002	55.971	56.392	어	[]
7	12	9	AH0002	56.532	57.172	우리나라	[]
7	12	10	AH0002	57.833	58.333	그	[]
7	12	11	AH0002	58.654	59.254	팔	[]
7	12	12	AH0002	59.274	59.294	대	[]
7	12	13	AH0002	59.754	60.435	명산들에	[]
7	12	14	AH0002	60.495	60.935	갖다가	[]
7	12	15	AH0002	61.216	61.756	뿌립니다.	[10]
7	13	1	AH0002	62.84	63.1	예를	[]
7	13	2	AH0002	63.181	63.461	들면	[]
7	13	3	AH0002	63.601	64.142	뭐	[]
7	13	4	AH0002	64.703	65.164	어	[]
7	13	5	AH0002	65.364	66.446	백두산	[11]
7	13	6	AH0002	66.967	67.007	뭐	[]
7	13	7	AH0002	67.167	67.608	모란봉	[]
7	13	8	AH0002	68.048	68.589	금강산	[]
7	13	9	AH0002	69.25	69.711	구월산	[]
7	13	10	AH0002	69.831	69.911	뭐	[]
7	13	11	AH0002	70.012	70.592	지리산	[]
7	13	12	AH0002	70.713	70.853	등등의	[]
7	13	13	AH0002	70.913	71.173	우리나라	[]
7	13	14	AH0002	71.274	71.334	팔	[]
7	13	15	AH0002	71.454	71.814	대	[12]
7	13	16	AH0002	71.854	71.915	명산에	[]
7	13	17	AH0002	71.995	72.035	다	[]
7	13	18	AH0002	72.095	72.315	갖다	[]
7	13	19	AH0002	72.455	72.556	뿌려요.	[13]
7	14	1	AH0002	73.068	73.509	그러면	[]
7	14	2	AH0002	73.609	73.669	그	[]
7	14	3	AH0002	73.809	73.99	뿌린	[]
7	14	4	AH0002	74.13	74.711	재에서	[]
7	14	5	AH0002	75.172	75.312	각	[]
7	14	6	AH0002	75.633	76.435	명산들의	[]
7	14	7	AH0002	76.735	77.537	산신들이	[]
7	14	8	AH0002	78.479	79.0	창조되조.	[]
7	15	1	AH0002	79.12	79.608	산신들이	[]
7	15	2	AH0002	79.71	80.198	탄생을	[14]
7	15	3	AH0002	80.259	80.3	하죠.	[]
7	16	1	AH0002	81.222	81.342	이거	[]
7	16	2	AH0002	81.382	81.922	말하자면	[15]
7	16	3	AH0002	82.022	82.523	어	[]
7	16	4	AH0002	82.663	83.123	우리나라	[]
7	16	5	AH0002	83.363	83.943	명산들의	[]
7	16	6	AH0002	84.043	84.583	산신들은	[]
7	16	7	AH0002	84.703	84.844	다	[]
7	16	8	AH0002	85.064	85.384	죽은	[]
7	16	9	AH0002	85.984	86.424	이무기	[]
7	16	10	AH0002	86.584	86.724	죽은	[]
7	16	11	AH0002	86.884	87.805	대망신의	[]
7	16	12	AH0002	88.765	89.185	잿속에서	[16]
7	16	13	AH0002	89.285	90.226	태어났다라고	[]
7	16	14	AH0002	90.346	90.686	하는	[]
7	16	15	AH0002	90.726	91.206	이야기가	[]
7	16	16	AH0002	92.087	92.867	설립되는	[17]
7	16	17	AH0002	92.887	92.947	거죠.	[]
8	17	1	AH0001	93.422	94.605	예.그	[]
8	17	2	AH0001	94.725	95.808	자연스럽게	[]
8	17	3	AH0001	96.069	96.169	팔	[]
8	17	4	AH0001	96.309	96.39	대	[]
8	17	5	AH0001	96.47	96.871	명산의	[]
8	17	6	AH0001	96.951	97.292	산신	[]
8	17	7	AH0001	97.412	98.314	탄생담도	[]
8	17	8	AH0001	98.415	98.916	되구요.	[18]
8	18	1	AH0001	99.319	101.222	어	[]
8	18	2	AH0001	101.462	101.643	자	[]
8	18	3	AH0001	102.784	102.945	그런데	[]
8	18	4	AH0001	103.005	104.647	이제	[]
8	18	5	AH0001	104.667	104.687	그	[]
8	18	6	AH0001	104.848	105.168	앞에	[]
8	18	7	AH0001	105.228	105.729	얘기부터	[]
8	18	8	AH0001	105.809	106.07	쪼끔	[]
8	18	9	AH0001	106.41	106.611	저희들이	[]
8	18	10	AH0001	106.691	106.751	좀	[]
8	18	11	AH0001	106.851	107.171	정리를	[]
8	18	12	AH0001	107.272	107.352	좀	[]
8	18	13	AH0001	107.432	107.532	해	[]
8	18	14	AH0001	107.572	107.752	봐야	[]
8	18	15	AH0001	107.812	107.853	될	[]
8	18	16	AH0001	108.073	108.173	거	[19]
8	18	17	AH0001	108.233	108.494	같은데	[]
8	19	1	AH0001	108.973	109.935	어	[]
8	19	2	AH0001	110.115	110.255	처음에	[]
8	19	3	AH0001	110.335	110.736	말씀	[]
8	19	4	AH0001	111.257	111.497	어	[]
8	19	5	AH0001	111.657	111.958	나눴던	[]
8	19	6	AH0001	111.998	112.358	것처럼	[]
8	19	7	AH0001	112.378	112.398	그	[]
8	19	8	AH0001	113.42	113.701	어	[]
8	19	9	AH0001	114.942	115.323	금기가	[]
8	19	10	AH0001	115.383	115.704	나오고	[]
8	19	11	AH0001	116.345	116.425	또	[]
8	19	12	AH0001	116.485	116.565	그	[]
8	19	13	AH0001	116.645	116.946	금기를	[]
8	19	14	AH0001	117.106	117.426	깨고	[]
8	19	15	AH0001	117.987	118.107	하는	[]
8	19	16	AH0001	118.208	118.348	그것은	[]
8	19	17	AH0001	118.448	118.829	이제	[]
8	19	18	AH0001	119.37	119.79	에	[]
8	19	19	AH0001	119.97	120.451	신화에서	[]
8	19	20	AH0001	120.611	120.872	자주	[]
8	19	21	AH0001	120.952	121.212	보이는	[]
8	20	1	AH0001	121.573	121.854	음	[]
8	20	2	AH0001	121.934	122.095	그런	[]
8	20	3	AH0001	122.215	122.937	구조고	[]
8	20	4	AH0001	123.098	123.62	이야기	[]
8	20	5	AH0001	124.021	124.382	전개	[]
8	20	6	AH0001	124.462	125.124	방식인	[]
8	20	7	AH0001	125.486	125.646	거	[]
8	20	8	AH0001	125.686	126.328	같은데	[]
8	20	9	AH0001	127.412	127.552	이제	[]
8	20	10	AH0001	127.652	127.813	그거	[]
8	20	11	AH0001	127.873	128.455	자체가	[]
8	21	1	AH0001	129.057	129.157	어	[]
8	21	2	AH0001	129.438	129.618	뭔가	[]
8	21	3	AH0001	129.658	129.959	이야기를	[]
8	21	4	AH0001	130.039	130.24	듣는	[]
8	21	5	AH0001	130.3	130.34	그	[]
8	21	6	AH0001	130.4	131.122	인간들에게	[]
8	21	7	AH0001	131.262	131.903	사람들에게	[]
8	21	8	AH0001	131.923	131.943	그	[]
8	21	9	AH0001	132.124	132.404	인간의	[]
8	21	10	AH0001	132.485	134.148	속성을	[]
8	21	11	AH0001	134.228	134.77	알려주는	[]
8	21	12	AH0001	135.732	135.832	어	[]
8	21	13	AH0001	135.952	136.112	그런	[]
8	21	14	AH0001	136.153	136.513	역할과	[]
8	21	15	AH0001	136.574	136.874	장치를	[]
8	21	16	AH0001	136.914	137.035	하는	[]
8	21	17	AH0001	137.075	138.618	것이겠죠?	[]
9	22	1	AH0002	138.618	138.96	뭐	[]
9	22	2	AH0002	139.121	139.483	그렇게	[]
9	22	3	AH0002	139.765	140.167	에	[]
9	22	4	AH0002	140.268	140.711	말씀드릴	[]
9	22	5	AH0002	140.831	140.872	수	[]
9	22	6	AH0002	140.912	141.254	있겠죠.	[]
9	23	1	AH0002	141.255	141.536	우리가	[]
9	23	2	AH0002	142.459	143.02	아	[]
9	23	3	AH0002	143.161	143.462	항상	[]
9	23	4	AH0002	143.502	143.943	이제	[]
9	23	5	AH0002	144.184	144.344	신화	[]
9	23	6	AH0002	144.444	144.805	속에서	[]
9	23	7	AH0002	144.946	145.668	뒤돌아보지	[]
9	23	8	AH0002	145.728	145.949	말라	[]
9	23	9	AH0002	146.029	146.29	그러면	[]
9	23	10	AH0002	146.41	146.611	뒤를	[]
9	23	11	AH0002	146.711	147.192	돌아보고	[]
9	23	12	AH0002	147.534	147.814	먹지	[]
9	23	13	AH0002	147.875	148.236	말라고	[]
9	23	14	AH0002	148.296	148.516	하면	[]
9	23	15	AH0002	148.637	148.938	먹고	[20]
9	24	1	AH0002	149.399	149.8	어	[]
9	24	2	AH0002	149.88	150.0	이게	[]
9	24	3	AH0002	150.04	150.181	인제	[]
9	24	4	AH0002	150.261	150.381	그럴	[]
9	24	5	AH0002	150.461	150.762	수밖에	[]
9	24	6	AH0002	150.802	150.982	없는	[]
9	24	7	AH0002	151.022	151.263	것은	[]
9	24	8	AH0002	151.383	151.684	그래야	[]
9	24	9	AH0002	151.724	151.984	이제	[]
9	24	10	AH0002	152.465	152.986	이야기가	[]
9	24	11	AH0002	153.086	153.467	전개가	[]
9	24	12	AH0002	153.527	153.948	된다는	[]
9	24	13	AH0002	154.048	154.229	그런	[]
9	24	14	AH0002	154.389	155.03	서사적인	[]
9	24	15	AH0002	155.13	155.491	측면도	[]
9	24	16	AH0002	155.511	155.812	있지만	[]
9	24	17	AH0002	155.892	156.313	동시에	[21]
9	24	18	AH0002	157.054	157.114	꼭	[]
9	24	19	AH0002	157.235	157.415	하지	[]
9	24	20	AH0002	157.535	157.956	말라고	[]
9	24	21	AH0002	157.996	158.136	하는	[]
9	24	22	AH0002	158.196	158.257	걸	[]
9	24	23	AH0002	158.357	158.537	하는	[]
9	24	24	AH0002	158.637	158.697	게	[]
9	24	25	AH0002	158.738	159.459	인간이잖아요.	[]
9	25	1	AH0002	159.843	160.166	인간의	[]
9	25	2	AH0002	160.187	160.227	그게	[]
9	25	3	AH0002	160.288	160.692	어떻게	[]
9	25	4	AH0002	160.753	161.015	보면	[]
9	25	5	AH0002	161.117	161.622	욕망이죠.	[22]
9	26	1	AH0002	162.729	163.27	긍정적으로	[]
9	26	2	AH0002	163.33	163.75	말하면	[]
9	26	3	AH0002	163.991	164.431	생명에	[]
9	26	4	AH0002	164.492	164.632	대한	[]
9	26	5	AH0002	164.752	164.832	충	[]
9	26	6	AH0002	164.912	165.172	생명	[]
9	26	7	AH0002	165.253	165.673	충동이죠.	[23]
9	27	1	AH0002	166.401	166.582	에	[]
9	27	2	AH0002	166.843	166.903	그	[]
9	27	3	AH0002	166.963	167.285	욕구가	[]
9	27	4	AH0002	167.325	167.847	없어지면	[]
9	27	5	AH0002	168.189	168.55	우리는	[]
9	27	6	AH0002	169.113	169.294	죽은	[]
9	27	7	AH0002	169.354	169.495	거나	[]
9	27	8	AH0002	169.555	169.997	마찬가지	[24]
9	27	9	AH0002	170.077	170.62	존재니까요.	[]
9	27	10	AH0002	170.72	170.74	예.	[]
10	28	1	AH0001	171.547	171.967	그러니까	[]
10	28	2	AH0001	172.467	172.767	어	[]
10	28	3	AH0001	172.847	173.388	역설적으로	[]
10	28	4	AH0001	173.448	173.888	보면	[]
10	28	5	AH0001	174.588	174.928	그	[]
10	28	6	AH0001	176.329	176.509	붉은	[]
10	28	7	AH0001	176.569	177.069	선배가	[]
10	28	8	AH0001	177.509	178.33	금기	[]
10	28	9	AH0001	178.81	179.39	금기대로	[]
10	28	10	AH0001	179.45	180.07	했다면은	[]
10	28	11	AH0001	181.211	181.471	그	[]
10	28	12	AH0001	181.691	182.251	마지막에	[]
10	28	13	AH0001	182.911	183.292	이무기를	[]
10	28	14	AH0001	183.372	183.472	안	[]
10	28	15	AH0001	183.532	183.852	만나게	[]
10	28	16	AH0001	183.912	184.052	되는	[]
10	28	17	AH0001	184.112	184.572	거잖아요.	[]
11	29	1	AH0002	184.572	184.893	그렇게	[]
11	29	2	AH0002	184.933	185.013	안	[]
11	29	3	AH0002	185.093	185.474	만나게	[]
11	29	4	AH0002	185.554	185.835	되고	[]
11	29	5	AH0002	186.196	186.537	전국	[25]
11	29	6	AH0002	186.597	186.937	명산의	[]
11	29	7	AH0002	187.018	187.639	산신도	[]
11	29	8	AH0002	187.9	188.441	탄생하지	[]
11	29	9	AH0002	188.481	188.942	않고	[26]
11	29	10	AH0002	189.343	189.463	예	[]
11	29	11	AH0002	189.624	189.944	그렇게	[]
11	29	12	AH0002	189.985	190.165	그런	[]
11	29	13	AH0002	190.245	190.506	과정을	[]
12	30	1	AH0001	190.626	190.866	예.	[]
12	30	2	AH0001	191.247	191.507	그니까	[]
12	30	3	AH0001	191.627	192.528	이무기를	[]
12	30	4	AH0001	192.548	192.568	안	[]
12	30	5	AH0001	193.448	193.729	만나게	[]
12	30	6	AH0001	193.769	194.069	되면은	[]
12	30	7	AH0001	194.77	195.27	그걸루	[]
12	30	8	AH0001	195.49	195.811	그	[]
12	30	9	AH0001	196.952	197.152	붉은	[]
12	30	10	AH0001	197.232	197.612	선비는	[]
12	30	11	AH0001	197.632	197.652	어	[]
12	30	12	AH0001	199.454	199.834	편안하게	[]
12	30	13	AH0001	199.914	200.275	살는진	[]
12	30	14	AH0001	200.355	200.815	모르지만	[27]
12	30	15	AH0001	202.176	202.456	진짜	[]
12	30	16	AH0001	202.557	202.657	큰	[]
12	30	17	AH0001	202.757	203.137	사건은	[]
12	30	18	AH0001	203.257	203.758	못	[]
12	30	19	AH0001	203.778	203.798	아	[]
12	30	20	AH0001	204.798	205.179	나타나지	[]
12	30	21	AH0001	205.219	205.479	않는	[]
12	30	22	AH0001	205.579	205.759	게	[]
12	30	23	AH0001	205.919	206.22	된단	[28]
12	30	24	AH0001	206.24	206.34	말씀	[]
13	31	1	AH0002	206.559	206.639	그	[]
13	31	2	AH0002	206.759	207.04	이후에	[]
13	31	3	AH0002	207.06	207.36	이제	[]
13	31	4	AH0002	208.181	208.802	어	[]
13	31	5	AH0002	209.042	210.244	그	[]
13	31	6	AH0002	210.264	210.284	어	[]
13	31	7	AH0002	210.364	210.644	영산	[]
13	31	8	AH0002	210.704	211.025	각시가	[]
13	31	9	AH0002	211.125	211.325	재를	[]
13	31	10	AH0002	211.465	211.906	통해서	[]
13	31	11	AH0002	211.926	212.226	각	[29]
13	31	12	AH0002	212.287	212.667	명산의	[]
13	31	13	AH0002	212.767	213.849	산신들만	[]
13	31	14	AH0002	214.369	215.01	탄생시키는	[]
13	31	15	AH0002	215.03	215.21	것이	[]
13	31	16	AH0002	215.25	215.931	아니고	[30]
13	31	17	AH0002	216.091	216.332	다른	[]
13	31	18	AH0002	216.372	216.592	여러	[]
13	31	19	AH0002	216.692	217.433	존재들도	[]
13	31	20	AH0002	217.573	218.154	창조하거든요.	[31]
13	32	1	AH0002	219.037	219.157	그런	[]
13	32	2	AH0002	219.217	219.698	맥락에서	[]
13	32	3	AH0002	219.758	220.059	보면	[]
13	32	4	AH0002	220.52	220.84	영산	[]
13	32	5	AH0002	220.92	222.122	각시는	[]
13	32	6	AH0002	222.803	222.944	어	[]
13	32	7	AH0002	223.104	223.404	세계를	[]
13	32	8	AH0002	223.485	223.865	만드는	[]
13	32	9	AH0002	224.086	224.767	창조신	[]
13	32	10	AH0002	224.947	226.089	창조여신의	[32]
13	32	11	AH0002	226.229	226.53	어떤	[]
13	32	12	AH0002	226.71	227.371	직능도	[]
13	32	13	AH0002	227.612	227.912	동시에	[]
13	32	14	AH0002	227.972	228.173	갖고	[]
13	32	15	AH0002	228.213	228.453	있어요.	[]
14	33	1	AH0001	228.453	228.776	갖고	[]
14	33	2	AH0001	228.856	229.098	있구요.	[33]
14	34	1	AH0001	229.393	230.674	어	[]
14	34	2	AH0001	231.334	232.035	어	[]
14	34	3	AH0001	232.495	232.855	표면에	[]
14	34	4	AH0001	232.915	233.896	내세우기는	[]
14	34	5	AH0001	234.156	234.356	붉은	[]
14	34	6	AH0001	234.436	235.036	선비일런지	[]
14	34	7	AH0001	235.096	235.557	모르지만	[]
14	34	8	AH0001	235.937	236.457	어	[]
14	34	9	AH0001	236.577	236.897	속에서	[]
14	34	10	AH0001	236.977	237.218	진짜	[]
14	34	11	AH0001	237.278	237.618	일하고	[]
14	34	12	AH0001	237.638	237.818	있는	[]
14	34	13	AH0001	237.858	238.078	거는	[]
14	34	14	AH0001	239.119	239.319	붉은	[]
14	34	15	AH0001	239.359	239.699	각시	[]
14	34	16	AH0001	239.759	239.799	아이	[]
14	34	17	AH0001	239.899	240.199	영상	[]
14	34	18	AH0001	240.239	240.579	각시가	[34]
14	34	19	AH0001	241.04	241.3	되는	[]
14	34	20	AH0001	241.38	241.52	거죠.	[]
15	35	1	AH0002	241.52	241.54	네.	[]
16	36	1	AH0001	243.417	243.78	언뜻	[]
16	36	2	AH0001	243.921	243.961	두	[]
16	36	3	AH0001	244.021	244.162	가지	[]
16	36	4	AH0001	244.243	244.545	생각이	[]
16	36	5	AH0001	244.646	245.27	들어요.	[]
16	37	1	AH0001	245.27	245.37	어	[]
16	37	2	AH0001	245.39	245.651	그거는	[]
16	37	3	AH0001	245.871	246.132	인제	[]
16	37	4	AH0001	246.192	246.713	역시	[]
16	37	5	AH0001	246.893	247.153	그	[]
16	37	6	AH0001	247.334	248.977	무당	[]
16	37	7	AH0001	248.997	249.017	에	[]
16	37	8	AH0001	249.037	249.057	이	[]
16	37	9	AH0001	249.237	249.498	그	[]
16	37	10	AH0001	250.119	251.401	여성	[]
16	37	11	AH0001	251.421	251.441	어	[]
16	37	12	AH0001	251.661	252.022	무당	[]
16	37	13	AH0001	253.885	254.386	중심이고	[]
16	37	14	AH0001	254.567	254.627	그	[]
16	37	15	AH0001	254.707	254.967	경우가	[]
16	37	16	AH0001	254.987	255.589	있으니까	[]
16	37	17	AH0001	255.609	255.649	인제	[]
16	37	18	AH0001	255.769	256.029	여기서	[]
16	38	1	AH0001	256.41	256.631	그	[]
16	38	2	AH0001	256.691	256.972	영산	[]
16	38	3	AH0001	257.012	257.212	각시	[]
16	38	4	AH0001	257.252	257.493	역할을	[]
16	38	5	AH0001	257.573	257.694	좀	[]
16	38	6	AH0001	257.774	257.834	더	[]
16	38	7	AH0001	258.095	258.496	키운	[]
16	38	8	AH0001	258.576	258.656	게	[]
16	38	9	AH0001	258.697	258.937	아닌가	[]
16	38	10	AH0001	258.977	259.078	하는	[]
16	38	11	AH0001	259.158	259.439	생각도	[]
16	38	12	AH0001	259.539	259.86	들고	[]
16	38	13	AH0001	260.763	260.803	또	[]
16	38	14	AH0001	260.863	261.144	하나는	[]
16	38	15	AH0001	262.006	262.447	보다	[]
16	38	16	AH0001	262.468	262.488	더	[]
16	38	17	AH0001	262.869	263.17	거슬러	[]
16	38	18	AH0001	263.23	263.691	올라가면	[]
16	38	19	AH0001	263.751	264.012	역시	[]
16	39	1	AH0001	264.714	267.155	그	[]
16	39	2	AH0001	267.175	267.876	부계보다도	[]
16	39	3	AH0001	268.276	268.716	모계	[]
16	39	4	AH0001	268.916	269.176	사회	[]
16	39	5	AH0001	269.356	270.357	속에서의	[]
16	39	6	AH0001	270.797	271.037	남은	[]
16	39	7	AH0001	271.117	271.678	흔적은	[]
16	39	8	AH0001	271.738	272.278	아닐까	[]
16	39	9	AH0001	273.078	273.318	여성	[]
16	39	10	AH0001	273.378	273.759	중심의	[]
16	39	11	AH0001	273.819	274.559	말씀이죠.	[]
16	40	1	AH0001	274.559	275.242	그런	[]
16	40	2	AH0001	275.282	275.583	생각도	[]
16	40	3	AH0001	275.663	275.945	드는데	[]
16	40	4	AH0001	276.065	276.165	이	[]
16	40	5	AH0001	276.246	276.527	그런	[]
16	40	6	AH0001	276.828	277.33	해석까지두	[]
16	40	7	AH0001	277.37	278.535	가능할까요?	[]
17	41	1	AH0002	278.653	279.434	뭐	[]
17	41	2	AH0002	279.555	279.615	뭐	[]
17	41	3	AH0002	279.715	279.895	여러	[]
17	41	4	AH0002	279.935	280.096	가지	[]
17	41	5	AH0002	280.156	280.416	해석이	[]
17	41	6	AH0002	280.436	280.757	인제	[]
17	41	7	AH0002	280.877	281.158	가능할	[]
17	41	8	AH0002	281.278	281.338	수	[]
17	41	9	AH0002	281.378	282.059	있는데	[35]
17	41	10	AH0002	282.76	283.021	그러니깐	[]
17	41	11	AH0002	283.121	283.802	창조신이	[]
17	41	12	AH0002	283.842	283.983	이제	[]
17	41	13	AH0002	284.023	284.584	남성신인	[]
17	41	14	AH0002	284.664	284.965	경우도	[]
17	41	15	AH0002	285.005	285.245	있고	[]
17	41	16	AH0002	285.325	285.906	남녀신인	[]
17	41	17	AH0002	285.986	286.307	경우도	[]
17	41	18	AH0002	286.327	286.507	있고	[]
17	41	19	AH0002	286.587	287.048	여성신인	[]
17	41	20	AH0002	287.128	287.429	경우도	[]
17	41	21	AH0002	287.469	287.81	있는데	[]
17	42	1	AH0002	287.984	288.245	그니까	[36]
17	42	2	AH0002	288.725	288.966	한국	[]
17	42	3	AH0002	289.046	289.567	신화의	[]
17	42	4	AH0002	289.607	290.148	전통에서	[]
17	42	5	AH0002	290.188	290.469	보면	[]
17	42	6	AH0002	290.489	290.89	여성신인	[]
17	42	7	AH0002	290.97	291.451	경우들이	[]
17	42	8	AH0002	291.531	292.032	많습니다.	[]
17	43	1	AH0002	292.071	292.252	특히	[]
17	43	2	AH0002	292.332	293.156	무속신화에는	[37]
17	43	3	AH0002	293.196	293.658	여성들이	[]
17	43	4	AH0002	293.718	293.819	그런	[]
17	43	5	AH0002	293.899	294.522	역할들을	[]
17	43	6	AH0002	295.165	295.727	많이	[]
17	43	7	AH0002	296.069	296.43	수행을	[]
17	43	8	AH0002	296.531	296.852	하죠.	[]
17	44	1	AH0002	296.923	297.643	에	[38]
17	44	2	AH0002	297.804	298.184	그것은	[]
17	44	3	AH0002	298.244	298.664	인제	[]
17	44	4	AH0002	299.344	299.585	오랜	[]
17	44	5	AH0002	299.645	300.085	어떤	[]
17	44	6	AH0002	300.445	300.885	원시적인	[]
17	44	7	AH0002	301.045	301.666	신화의	[]
17	44	8	AH0002	301.806	302.746	잔존물이라고	[]
17	44	9	AH0002	302.806	303.007	말할	[]
17	44	10	AH0002	303.107	303.227	수도	[]
17	44	11	AH0002	303.247	304.027	있겠고	[39]
17	44	12	AH0002	304.107	304.447	동시에	[]
17	44	13	AH0002	304.527	304.848	한국	[]
17	44	14	AH0002	304.928	305.328	무속이	[]
17	45	1	AH0002	305.846	306.106	여성	[]
17	45	2	AH0002	306.186	306.727	중심적인	[]
17	45	3	AH0002	306.847	307.268	성격이	[]
17	45	4	AH0002	307.368	308.169	강해서	[40]
17	45	5	AH0002	308.449	309.11	여신들한테	[]
17	45	6	AH0002	309.41	309.47	이제	[]
17	45	7	AH0002	309.55	309.891	그런	[]
17	45	8	AH0002	310.431	310.551	어	[]
17	45	9	AH0002	310.772	311.192	기능을	[]
17	45	10	AH0002	311.372	312.714	부여하는	[]
17	45	11	AH0002	312.794	313.174	거라고도	[]
17	45	12	AH0002	313.255	313.355	할	[]
17	45	13	AH0002	313.435	313.575	수가	[]
17	45	14	AH0002	313.615	314.476	있겠죠.	[41]
18	46	1	AH0001	316.414	316.995	어쨌거나	[]
18	46	2	AH0001	318.216	318.877	사고는	[]
18	46	3	AH0001	319.778	320.318	남자인	[]
18	46	4	AH0001	320.919	321.339	남편인	[]
18	46	5	AH0001	321.459	321.639	붉은	[]
18	46	6	AH0001	321.7	321.98	선비가	[]
18	46	7	AH0001	322.12	322.36	치고	[42]
18	46	8	AH0001	323.141	324.362	해결은	[]
18	46	9	AH0001	324.963	325.403	아내인	[]
18	46	10	AH0001	326.525	326.845	영산	[]
18	46	11	AH0001	326.885	327.245	각시가	[]
18	46	12	AH0001	327.265	327.586	하는	[]
18	46	13	AH0001	328.326	328.407	이	[]
18	46	14	AH0001	328.527	328.847	구조란	[]
18	46	15	AH0001	329.307	329.808	말씀이죠.	[]
18	47	1	AH0001	329.808	330.423	결론적으로	[]
18	47	2	AH0001	330.464	330.648	보면	[]
19	48	1	AH0002	330.814	331.176	우리가	[]
19	48	2	AH0002	331.357	331.417	늘	[]
19	48	3	AH0002	331.458	331.719	그렇게	[]
19	48	4	AH0002	331.779	331.96	살고	[]
19	48	5	AH0002	332.001	334.877	있잖아요.	[]
20	49	1	AH0001	334.877	335.358	그러니	[]
20	49	2	AH0001	335.878	336.098	이런	[]
20	49	3	AH0001	336.118	336.138	어	[]
20	49	4	AH0001	336.879	337.259	이야기를	[]
20	49	5	AH0001	337.36	337.6	듣는	[]
20	49	6	AH0001	337.7	337.98	사람들이	[]
20	49	7	AH0001	338.08	338.421	앉아서	[]
20	49	8	AH0001	338.501	338.941	듣다가	[]
20	49	9	AH0001	339.342	339.582	무단히	[]
20	49	10	AH0001	339.682	339.742	또	[]
20	49	11	AH0001	339.762	339.902	어떤	[]
20	49	12	AH0001	340.022	340.283	무가를	[]
20	49	13	AH0001	340.383	340.763	부르면서	[]
20	49	14	AH0001	340.783	340.803	막	[]
20	49	15	AH0001	341.043	341.364	얘기할	[]
20	49	16	AH0001	341.504	341.664	때	[]
20	49	17	AH0001	342.585	342.725	그	[]
20	49	18	AH0001	342.865	343.166	우선	[]
20	49	19	AH0001	343.786	344.027	그	[]
20	49	20	AH0001	344.247	344.587	굿판에	[]
20	49	21	AH0001	344.667	344.767	와	[]
20	49	22	AH0001	344.807	345.128	있는	[]
20	49	23	AH0001	345.528	346.449	여성들은	[]
20	49	24	AH0001	346.629	346.789	신이	[]
20	49	25	AH0001	346.87	347.05	나고	[]
20	50	1	AH0001	347.29	347.77	어	[43]
20	50	2	AH0001	348.571	349.151	남자들은	[]
20	50	3	AH0001	349.652	349.852	그래	[]
20	50	4	AH0001	350.032	350.332	맞어	[]
20	50	5	AH0001	350.593	351.133	하면서	[]
20	50	6	AH0001	351.153	351.173	뭐	[]
20	50	7	AH0001	351.894	352.614	반성까지는	[]
20	50	8	AH0001	352.674	352.974	아닐지	[]
20	50	9	AH0001	353.054	353.595	모르지만	[]
20	50	10	AH0001	353.955	354.195	뭔가	[]
20	50	11	AH0001	354.295	354.776	찔려서	[]
20	50	12	AH0001	355.256	355.356	할	[]
20	50	13	AH0001	355.456	355.656	말도	[]
20	50	14	AH0001	355.696	356.037	못하고	[]
20	50	15	AH0001	356.217	356.317	그렇지	[]
20	50	16	AH0001	356.577	356.837	않을까	[]
20	50	17	AH0001	356.897	357.778	싶어요.	[]
21	51	1	AH0002	357.544	358.293	예.그렇죠.예.	[]
22	52	1	AH0001	359.164	359.866	그래서	[]
22	52	2	AH0001	360.487	360.788	어	[]
22	52	3	AH0001	360.928	361.249	굿판에	[]
22	52	4	AH0001	361.349	361.549	모인	[]
22	52	5	AH0001	361.629	362.271	사람들의	[]
22	52	6	AH0001	362.371	363.012	표정이	[]
22	52	7	AH0001	363.734	363.874	서로	[]
22	52	8	AH0001	363.935	364.315	달라지는	[]
22	52	9	AH0001	364.396	364.556	것을	[]
22	52	10	AH0001	364.616	364.756	우리가	[]
22	52	11	AH0001	364.776	365.037	한번	[]
22	52	12	AH0001	365.137	365.277	참	[]
22	52	13	AH0001	365.498	366.2	선명하게	[]
22	52	14	AH0001	366.26	366.52	한번	[]
22	52	15	AH0001	366.62	367.081	상상해	[]
22	52	16	AH0001	367.162	367.242	볼	[]
22	52	17	AH0001	367.342	367.542	수가	[]
22	52	18	AH0001	367.623	367.943	있는	[]
22	52	19	AH0001	368.344	368.444	그런	[]
22	52	20	AH0001	368.505	368.685	것이	[]
22	52	21	AH0001	368.725	369.026	아닐까	[]
22	52	22	AH0001	369.066	369.487	싶은데	[]
23	53	1	AH0002	369.587	369.808	일종의	[]
23	53	2	AH0002	369.889	370.231	남성	[]
23	53	3	AH0002	370.311	370.552	중심	[]
23	53	4	AH0002	370.693	370.955	사회의	[]
23	53	5	AH0002	371.116	371.216	어떤	[]
23	53	6	AH0002	371.277	372.041	역설이라고	[44]
23	53	7	AH0002	372.423	372.745	뭐	[]
23	53	8	AH0002	372.765	372.825	할	[]
23	53	9	AH0002	372.906	373.207	수도	[]
23	53	10	AH0002	373.771	373.851	있겠죠.	[]
24	54	1	AH0001	375.162	376.063	어	[]
24	54	2	AH0001	376.844	377.004	근데	[]
24	54	3	AH0001	377.024	377.304	인제	[]
24	54	4	AH0001	377.644	377.764	그	[]
24	54	5	AH0001	378.605	380.127	대망신이	[]
24	54	6	AH0001	380.147	380.167	예	[]
24	54	7	AH0001	380.547	380.727	이제	[]
24	54	8	AH0001	380.807	381.067	나중에	[]
24	54	9	AH0001	381.288	381.528	재가	[]
24	54	10	AH0001	381.588	381.928	되고	[]
24	54	11	AH0001	382.329	382.489	재가	[]
24	54	12	AH0001	382.549	382.949	되어서	[]
24	54	13	AH0001	382.969	382.989	어	[]
24	54	14	AH0001	383.61	383.67	팔	[]
24	54	15	AH0001	383.77	383.81	대	[]
24	54	16	AH0001	383.89	384.471	명산의	[]
24	54	17	AH0001	384.571	385.572	산신으로	[]
24	54	18	AH0001	385.612	385.972	바뀐다	[]
24	54	19	AH0001	386.372	386.613	이것도	[]
24	54	20	AH0001	386.653	386.993	굉장히	[]
24	54	21	AH0001	387.073	387.173	큰	[]
24	54	22	AH0001	387.293	388.114	서사네요.	[]
24	55	1	AH0001	388.115	388.583	스케일이	[]
24	55	2	AH0001	388.644	388.908	굉장히	[]
24	55	3	AH0001	389.03	389.356	커요.	[45]
25	56	1	AH0002	390.002	390.143	예.	[46]
25	56	2	AH0002	391.528	391.89	대단히	[]
25	56	3	AH0002	391.99	392.191	아주	[]
25	56	4	AH0002	392.251	392.733	흥미로운	[]
25	56	5	AH0002	392.814	393.657	상상력이죠.	[47]
25	57	1	AH0002	394.23	394.852	그러니깐	[]
25	57	2	AH0002	394.872	394.892	어	[]
25	57	3	AH0002	398.322	399.245	산신이	[]
25	57	4	AH0002	399.345	399.766	된다는	[]
25	57	5	AH0002	399.827	400.168	것은	[]
25	57	6	AH0002	400.83	401.331	말하자면	[]
25	58	1	AH0002	401.974	402.635	산신이라는	[]
25	58	2	AH0002	402.695	402.915	것은	[]
25	58	3	AH0002	403.016	403.096	그	[]
25	58	4	AH0002	403.296	403.717	산에	[]
25	58	5	AH0002	404.197	404.438	산의	[]
25	58	6	AH0002	404.558	405.219	지킴이기도	[]
25	58	7	AH0002	405.319	405.479	하고	[]
25	58	8	AH0002	405.539	405.82	어떻게	[48]
25	58	9	AH0002	405.96	406.1	달리	[]
25	58	10	AH0002	406.16	406.661	말하면	[]
25	58	11	AH0002	407.202	407.322	산	[]
25	58	12	AH0002	407.462	408.023	자체라고도	[]
25	58	13	AH0002	408.123	408.223	할	[]
25	58	14	AH0002	408.283	408.343	수	[]
25	58	15	AH0002	408.363	408.504	있는	[]
25	58	16	AH0002	408.784	408.824	거죠.	[]
25	59	1	AH0002	408.884	409.305	그니까	[49]
25	59	2	AH0002	409.926	410.207	인제	[]
25	59	3	AH0002	410.347	410.447	그	[]
25	59	4	AH0002	410.527	411.309	대망신이	[]
25	59	5	AH0002	411.329	411.349	산	[]
25	59	6	AH0002	412.231	412.451	산이	[]
25	59	7	AH0002	412.532	412.672	되고	[]
25	59	8	AH0002	412.772	413.093	산신이	[]
25	59	9	AH0002	413.153	413.554	되었다는	[]
25	59	10	AH0002	413.614	413.874	것은	[]
25	59	11	AH0002	414.576	415.217	말하자면	[]
25	59	12	AH0002	415.458	416.36	이무기의	[]
25	59	13	AH0002	416.48	417.041	모습으로	[]
25	59	14	AH0002	417.141	417.562	존재하는	[]
25	59	15	AH0002	417.662	418.304	대망신이	[50]
25	60	1	AH0002	418.558	419.34	우리나라	[]
25	60	2	AH0002	419.44	419.821	산천	[]
25	60	3	AH0002	420.022	420.142	더	[]
25	60	4	AH0002	420.242	420.623	나아가면	[]
25	60	5	AH0002	420.724	421.024	자연	[]
25	60	6	AH0002	421.084	421.445	자체	[51]
25	60	7	AH0002	421.786	422.428	이렇게	[]
25	60	8	AH0002	422.468	422.809	이제	[]
25	60	9	AH0002	423.511	423.731	말할	[]
25	60	10	AH0002	423.832	423.972	수도	[]
25	60	11	AH0002	424.012	424.413	있겠죠.	[52]
26	61	1	AH0001	425.283	425.364	팔	[]
26	61	2	AH0001	425.444	425.525	대	[]
26	61	3	AH0001	425.585	425.908	명산의	[]
26	61	4	AH0001	426.029	426.332	신이	[]
26	61	5	AH0001	426.352	426.372	돼	[]
26	61	6	AH0001	426.392	427.239	있으니깐요.	[53]
27	62	1	AH0002	427.239	427.442	자연	[]
27	62	2	AH0002	427.502	427.867	자체라고	[]
27	62	3	AH0002	427.908	427.968	할	[54]
27	62	4	AH0002	428.09	428.313	수	[]
27	62	5	AH0002	428.373	428.414	있죠.	[]
28	63	1	AH0001	429.054	429.294	그리고	[]
28	63	2	AH0001	429.354	429.575	그런	[]
28	63	3	AH0001	429.595	430.556	어	[]
28	63	4	AH0001	430.696	430.836	그런	[]
28	63	5	AH0001	430.937	432.078	자연의	[]
28	63	6	AH0001	432.118	432.358	어떤	[]
28	63	7	AH0001	433.26	433.6	그	[]
28	63	8	AH0001	433.8	435.503	위대함이랄까	[]
28	63	9	AH0001	435.523	435.543	음	[]
28	63	10	AH0001	435.743	435.903	이런	[]
28	63	11	AH0001	435.923	435.983	걸	[]
28	63	12	AH0001	436.023	436.224	아주	[]
28	63	13	AH0001	436.244	436.304	그냥	[]
28	64	1	AH0001	436.564	436.984	어	[]
28	64	2	AH0001	437.104	437.885	묵직하게	[]
28	64	3	AH0001	438.025	438.886	인간들에게	[]
28	64	4	AH0001	439.526	439.667	그	[]
28	64	5	AH0001	440.207	440.727	설파하는	[]
28	64	6	AH0001	440.807	440.968	그런	[]
28	64	7	AH0001	441.028	441.648	내용도	[]
28	64	8	AH0001	441.728	442.008	될	[]
28	64	9	AH0001	442.109	442.169	수	[]
28	64	10	AH0001	442.209	442.389	있겠다	[]
28	64	11	AH0001	442.569	442.709	하는	[]
28	64	12	AH0001	442.809	442.989	생각이	[]
28	64	13	AH0001	443.129	443.33	드네요.	[55]
29	65	1	AH0002	444.694	444.834	우리가	[]
29	65	2	AH0002	444.894	445.295	자연을	[]
29	65	3	AH0002	445.436	445.616	다시	[]
29	65	4	AH0002	445.656	445.756	한번	[]
29	65	5	AH0002	445.837	446.378	성찰하는	[56]
29	65	6	AH0002	446.598	447.16	예	[]
29	65	7	AH0002	447.701	448.343	어떻게	[]
29	65	8	AH0002	448.423	448.683	보면	[]
29	65	9	AH0002	448.703	448.984	인제	[]
29	65	10	AH0002	449.726	449.826	어	[]
29	65	11	AH0002	450.147	450.447	금기를	[]
29	65	12	AH0002	450.528	451.069	위반하면	[]
29	65	13	AH0002	451.851	452.212	대망신이	[]
29	65	14	AH0002	452.372	452.753	분노하는	[]
29	65	15	AH0002	452.833	453.114	거잖아요.	[]
30	66	1	AH0001	453.506	453.787	그렇게	[]
30	66	2	AH0001	453.828	454.873	되겠죠.	[]
31	67	1	AH0002	454.941	455.122	그니까	[]
31	67	2	AH0002	455.262	455.523	이제	[]
31	67	3	AH0002	455.663	455.824	그런	[]
31	67	4	AH0002	455.944	456.265	금기를	[]
31	67	5	AH0002	456.345	456.466	잘	[]
31	67	6	AH0002	456.606	456.907	지켜야	[]
31	67	7	AH0002	456.967	457.088	된다.	[57]
31	67	8	AH0002	457.71	457.971	이런	[]
31	67	9	AH0002	457.991	458.312	이제	[]
31	67	10	AH0002	458.392	458.854	메시지가	[]
31	67	11	AH0002	458.874	458.894	그	[]
31	67	12	AH0002	458.994	459.275	안에	[58]
31	67	13	AH0002	459.335	459.636	있는	[]
31	67	14	AH0002	459.696	459.897	것일	[]
31	67	15	AH0002	460.057	460.238	수도	[]
31	67	16	AH0002	460.298	460.78	있죠.	[]
31	67	17	AH0002	460.84	460.86	네.	[]
