uid	sid	wid	speaker	start	end	text	backchannels
1	1	1	AH0001	0.5	0.821	토요일	[]
1	1	2	AH0001	0.981	1.242	저녁	[]
1	1	3	AH0001	1.783	2.224	위로와	[]
1	1	4	AH0001	2.324	2.685	공감을	[]
1	1	5	AH0001	2.765	2.926	주는	[]
1	1	6	AH0001	3.006	3.106	문학	[]
1	1	7	AH0001	3.226	3.587	작품	[]
1	1	8	AH0001	3.888	4.309	살펴보는	[]
1	1	9	AH0001	4.389	5.231	시간이죠?	[]
1	2	1	AH0001	5.232	6.075	공감서가	[]
1	2	2	AH0001	6.717	7.078	오늘도	[]
1	2	3	AH0001	7.299	7.961	국민대학교	[]
1	2	4	AH0001	8.041	8.743	한국어문학부	[]
1	2	5	AH0001	8.964	9.566	@이름2	[]
1	2	6	AH0001	9.666	10.007	교수와	[]
1	2	7	AH0001	10.128	10.67	함께합니다	[]
1	2	8	AH0001	10.93	11.071	어서	[]
1	2	9	AH0001	11.091	11.432	오세요	[]
2	3	1	AH0002	11.433	11.574	네	[]
2	3	2	AH0002	11.594	13.006	안녕하세요	[]
3	4	1	AH0001	13.006	13.827	공감서가	[]
3	4	2	AH0001	13.968	14.108	오늘	[]
3	4	3	AH0001	14.148	14.368	함께	[]
3	4	4	AH0001	14.408	14.549	읽을	[]
3	4	5	AH0001	14.609	14.969	작품을	[]
3	4	6	AH0001	15.05	15.23	먼저	[]
3	4	7	AH0001	15.27	15.35	좀	[]
3	4	8	AH0001	15.45	15.651	소개해	[]
3	4	9	AH0001	15.731	16.432	주시겠어요?	[]
4	5	1	AH0002	16.431	16.932	네	[]
4	5	2	AH0002	17.474	17.694	내일	[]
4	5	3	AH0002	18.135	18.436	유월	[]
4	5	4	AH0002	18.596	19.318	십육일이	[]
4	5	5	AH0002	19.338	20.2	시인	[]
4	5	6	AH0002	20.321	20.942	@이름738의	[]
4	5	7	AH0002	21.063	22.466	오십일주기입니다	[]
5	6	1	AH0001	22.62	22.822	아.	[]
5	6	2	AH0001	22.963	23.124	그렇게	[]
5	6	3	AH0001	23.164	23.749	되는군요?	[]
6	7	1	AH0002	23.749	23.789	네.	[]
6	7	2	AH0002	23.809	24.129	그래서	[]
6	7	3	AH0002	24.189	24.569	오늘은	[]
6	7	4	AH0002	25.29	25.75	@이름738을	[]
6	7	5	AH0002	25.81	26.71	만나다라는	[]
6	7	6	AH0002	27.071	27.271	그	[]
6	7	7	AH0002	27.791	27.891	큰	[]
6	7	8	AH0002	28.011	28.551	제목	[]
6	7	9	AH0002	28.571	28.851	아래	[1]
6	7	10	AH0002	29.252	29.572	@이름738	[]
6	7	11	AH0002	29.672	29.992	전집	[]
6	7	12	AH0002	30.172	31.152	중에	[2]
6	7	13	AH0002	31.172	31.192	시	[]
6	7	14	AH0002	31.252	31.613	중에서	[]
6	7	15	AH0002	32.093	32.153	몇	[]
6	7	16	AH0002	32.273	32.433	편	[]
6	7	17	AH0002	32.813	33.093	여러분과	[]
6	7	18	AH0002	33.233	33.534	함께	[]
6	7	19	AH0002	33.554	34.054	할까	[3]
6	7	20	AH0002	34.094	34.214	합니다.	[]
7	8	1	AH0001	35.046	35.366	어	[]
7	8	2	AH0001	35.547	36.688	천구백팔구십	[]
7	8	3	AH0001	36.828	37.169	년대	[]
7	8	4	AH0001	37.289	37.469	구십	[]
7	8	5	AH0001	37.549	37.75	년대	[]
7	8	6	AH0001	37.85	39.332	초까지만	[]
7	8	7	AH0001	39.412	39.832	해도요.	[4]
7	8	8	AH0001	40.553	41.054	어	[]
7	8	9	AH0001	41.455	41.615	그	[]
7	8	10	AH0001	41.775	41.955	우리	[]
7	8	11	AH0001	42.196	42.736	국민들에게	[]
7	8	12	AH0001	42.756	43.017	인제	[]
7	8	13	AH0001	43.197	43.457	가장	[]
7	8	14	AH0001	43.577	43.878	좋아하는	[]
7	8	15	AH0001	43.998	44.178	시인.	[]
7	8	16	AH0001	44.198	44.939	이	[]
7	8	17	AH0001	45.14	45.4	조사를	[]
7	8	18	AH0001	45.46	45.52	해	[]
7	8	19	AH0001	45.58	45.74	보면	[]
7	9	1	AH0001	46.631	46.933	한	[]
7	9	2	AH0001	46.953	47.356	이삼십	[]
7	9	3	AH0001	47.456	47.537	년	[]
7	9	4	AH0001	47.638	47.778	동안	[]
7	9	5	AH0001	47.919	48.362	부동의	[]
7	9	6	AH0001	48.523	48.644	일	[]
7	9	7	AH0001	48.664	48.946	위가	[]
7	9	8	AH0001	49.107	50.174	윤동주였었어요.	[]
8	10	1	AH0002	50.176	50.772	윤동주	[]
9	11	1	AH0001	50.895	51.06	그르쵸?	[]
10	12	1	AH0002	51.37	51.391	네	[]
11	13	1	AH0001	52.089	52.25	그런데	[]
11	13	2	AH0001	52.29	52.37	한	[]
11	13	3	AH0001	52.39	53.233	천구백구십	[]
11	13	4	AH0001	53.314	53.394	년대	[]
11	13	5	AH0001	53.655	53.956	후반	[]
11	13	6	AH0001	54.217	55.843	중후반부턴가?	[5]
11	13	7	AH0001	56.405	56.948	@이름738으로	[]
11	13	8	AH0001	56.988	57.59	바뀌었어요.	[]
12	14	1	AH0002	57.59	57.752	네.	[]
12	14	2	AH0002	58.036	58.664	@이름738으로	[6]
12	14	3	AH0002	58.685	59.07	바뀌었습니다.	[]
13	15	1	AH0001	59.345	59.705	그리고	[]
13	15	2	AH0001	60.406	61.327	교과서에	[]
13	15	3	AH0001	61.667	62.268	중고등학교	[]
13	15	4	AH0001	62.348	63.429	국어교과서에	[]
13	15	5	AH0001	63.569	64.39	실린	[]
13	15	6	AH0001	64.41	64.43	그	[]
13	15	7	AH0001	64.63	64.751	시의	[]
13	15	8	AH0001	64.871	65.812	편수도	[]
13	15	9	AH0001	66.152	66.592	압도적으로	[]
13	15	10	AH0001	66.693	67.113	@이름738	[]
13	15	11	AH0001	67.273	67.573	시인께	[]
13	15	12	AH0001	67.634	68.174	많아졌어요.	[7]
13	16	1	AH0001	69.055	69.877	그래서	[]
13	16	2	AH0001	69.897	69.918	아	[]
13	16	3	AH0001	70.539	70.6	그	[]
13	16	4	AH0001	70.68	70.74	두	[]
13	16	5	AH0001	70.78	70.941	개가	[]
13	16	6	AH0001	71.001	71.121	저는	[]
13	16	7	AH0001	71.181	71.683	연관이	[]
13	16	8	AH0001	71.743	71.863	될까	[]
13	16	9	AH0001	71.984	72.204	하고	[]
13	16	10	AH0001	72.305	72.605	생각이	[]
13	16	11	AH0001	72.625	73.488	되는데요	[]
13	17	1	AH0001	73.641	73.761	이	[]
13	17	2	AH0001	73.882	74.303	교과서에	[]
13	17	3	AH0001	74.424	74.664	배운	[]
13	17	4	AH0001	74.825	75.106	시인이	[]
13	17	5	AH0001	75.487	75.588	제일	[]
13	17	6	AH0001	75.688	75.869	많이	[]
13	17	7	AH0001	75.949	76.19	기억이	[]
13	17	8	AH0001	76.21	77.153	나니까	[8]
13	18	1	AH0001	77.154	77.614	그런데	[]
13	18	2	AH0001	78.195	78.475	어떻게	[]
13	18	3	AH0001	78.555	78.876	그렇게	[]
13	18	4	AH0001	78.976	79.336	@이름738	[]
13	18	5	AH0001	79.637	79.997	시인으로	[]
13	18	6	AH0001	80.057	80.918	바뀌었을까	[]
13	18	7	AH0001	80.938	80.978	하는	[]
13	18	8	AH0001	81.098	81.198	건	[]
13	18	9	AH0001	81.459	81.539	늘	[]
13	18	10	AH0001	81.639	81.799	저는	[]
13	18	11	AH0001	81.899	82.42	궁금해	[]
13	18	12	AH0001	82.58	82.74	하고	[]
13	18	13	AH0001	82.78	83.14	있는데	[]
13	19	1	AH0001	83.721	84.283	어	[]
13	19	2	AH0001	84.423	84.604	그래서	[]
13	19	3	AH0001	84.644	84.744	우리	[]
13	19	4	AH0001	84.804	85.065	청취자	[]
13	19	5	AH0001	85.105	86.208	여러분들께서도	[]
13	19	6	AH0001	86.589	86.95	쪼끔	[]
13	19	7	AH0001	86.991	87.392	연배가	[]
13	19	8	AH0001	87.432	87.813	있으신	[]
13	19	9	AH0001	87.913	88.234	분들은	[]
13	19	10	AH0001	88.334	88.696	@이름738	[]
13	19	11	AH0001	88.916	89.117	시인이	[]
13	19	12	AH0001	89.157	89.277	좀	[]
13	19	13	AH0001	89.398	89.779	낯설	[]
13	19	14	AH0001	89.839	89.999	수도	[]
13	19	15	AH0001	90.039	90.561	있습니다	[]
14	20	1	AH0002	90.559	91.388	그렇습니다.	[]
14	20	2	AH0002	91.591	91.611	네.	[]
15	21	1	AH0001	91.813	92.354	그런데	[]
15	21	2	AH0001	92.975	93.136	에	[]
15	21	3	AH0001	93.236	93.456	적어도	[]
15	21	4	AH0001	93.537	94.078	천구백구십	[]
15	21	5	AH0001	94.218	94.579	년대	[]
15	21	6	AH0001	94.659	95.08	정도에	[]
15	21	7	AH0001	95.18	95.721	중고등학교를	[]
15	21	8	AH0001	95.781	96.002	다닌	[]
15	21	9	AH0001	96.082	96.363	분들은	[]
15	22	1	AH0001	97.349	97.611	오히려	[]
15	22	2	AH0001	97.692	98.256	윤동주가	[]
15	22	3	AH0001	98.317	98.559	낯설	[]
15	22	4	AH0001	98.66	98.801	수도	[]
15	22	5	AH0001	98.841	99.829	있어요.	[9]
15	23	1	AH0001	99.938	100.679	어쨌건	[]
15	23	2	AH0001	100.739	100.779	오늘	[]
15	23	3	AH0001	100.879	100.939	그	[]
15	23	4	AH0001	101.059	101.5	@이름738	[]
15	23	5	AH0001	101.58	101.86	얘기	[]
15	23	6	AH0001	102.12	102.14	좀	[]
15	23	7	AH0001	102.841	103.041	그러면	[]
15	23	8	AH0001	103.141	103.602	나눠보도록	[]
15	23	9	AH0001	103.642	103.842	하죠	[]
15	23	10	AH0001	103.882	104.203	그런데	[]
15	23	11	AH0001	104.823	105.023	아	[]
15	23	12	AH0001	105.123	105.324	벌써	[]
15	23	13	AH0001	105.384	105.904	돌아가신지	[]
15	23	14	AH0001	105.944	106.305	오십일	[]
15	23	15	AH0001	106.425	106.445	년	[]
15	24	1	AH0001	107.706	107.907	워낙	[]
15	24	2	AH0001	107.927	108.148	일찍	[]
15	24	3	AH0001	108.228	108.71	돌아가셔서	[]
15	24	4	AH0001	108.73	108.991	그래요.	[]
15	24	5	AH0001	109.533	109.935	그렇죠?	[]
16	25	1	AH0002	109.937	110.679	천구백육십판	[]
16	25	2	AH0002	111.06	111.261	년	[]
16	25	3	AH0002	111.562	111.622	유	[]
16	25	4	AH0002	111.722	111.903	월	[]
16	25	5	AH0002	112.083	112.364	십육	[]
16	25	6	AH0002	112.445	112.585	일	[]
16	25	7	AH0002	113.448	113.768	버스에	[]
16	25	8	AH0002	113.889	114.19	치여서	[]
17	26	1	AH0001	114.268	114.53	예.	[]
17	26	2	AH0001	114.712	115.297	교통사고로.	[]
18	27	1	AH0002	115.358	115.719	불의에	[10]
18	27	2	AH0002	116.561	116.861	세상을	[]
18	27	3	AH0002	116.982	117.944	떠났습니다.	[]
19	28	1	AH0001	118.043	118.383	그러니까	[]
19	28	2	AH0001	118.484	119.185	그때가	[]
19	28	3	AH0001	119.705	119.986	어	[]
19	28	4	AH0001	120.206	120.606	@이름738	[]
19	28	5	AH0001	120.727	120.887	시인이	[]
19	28	6	AH0001	120.967	122.068	천구백이십일	[]
19	28	7	AH0001	122.148	122.629	년생	[]
19	28	8	AH0001	123.35	123.67	그러니	[]
19	28	9	AH0001	124.411	124.912	만으로	[]
19	28	10	AH0001	125.152	125.853	마흔일곱.	[]
20	29	1	AH0002	121.834	122.845	일년생.	[]
20	29	2	AH0002	123.027	123.047	네.	[]
21	30	1	AH0001	126.682	127.245	그	[]
21	30	2	AH0001	127.426	127.768	오십	[]
21	30	3	AH0001	128.191	128.915	쉬흔도	[]
21	30	4	AH0001	128.995	129.156	되기	[]
21	30	5	AH0001	129.217	129.378	전에	[]
21	31	1	AH0001	129.8	130.382	불의의	[]
21	31	2	AH0001	130.483	130.764	사고로	[]
21	31	3	AH0001	130.784	131.025	이렇게	[]
21	31	4	AH0001	131.065	131.326	일찍	[]
21	31	5	AH0001	131.407	131.668	세상을	[]
21	31	6	AH0001	131.808	132.491	떠나셨는데	[]
21	32	1	AH0001	133.475	133.998	작품은	[]
21	32	2	AH0001	134.078	134.199	참	[]
21	32	3	AH0001	134.28	134.481	많이	[]
21	32	4	AH0001	134.521	135.305	남기셨어요	[]
21	32	5	AH0001	135.507	136.794	그동안에도요	[]
21	33	1	AH0001	136.794	137.296	어	[]
21	33	2	AH0001	137.497	137.597	쭉	[]
21	33	3	AH0001	137.678	137.939	어떤	[]
21	33	4	AH0001	138.019	138.22	활동을	[]
21	33	5	AH0001	138.24	138.622	하셨는지	[]
21	33	6	AH0001	138.662	138.963	간단히	[]
21	33	7	AH0001	139.024	139.204	먼저	[]
21	33	8	AH0001	139.265	139.405	좀	[]
21	33	9	AH0001	139.807	140.028	소개해	[]
21	33	10	AH0001	140.128	140.711	주실까요?	[]
22	34	1	AH0002	140.71	140.991	네.	[]
22	34	2	AH0002	141.391	141.892	에	[]
22	34	3	AH0002	142.474	142.894	젊은	[]
22	34	4	AH0002	143.095	143.556	시절을	[]
22	34	5	AH0002	144.598	144.939	식민지	[]
22	34	6	AH0002	144.999	146.321	시대에서	[]
22	34	7	AH0002	146.462	146.602	다	[]
22	34	8	AH0002	146.762	147.644	보냈지요?	[12]
22	34	9	AH0002	147.884	148.666	천구백이십일	[]
22	34	10	AH0002	148.686	149.187	년생이니까	[]
22	35	1	AH0002	151.225	151.666	젊었을	[]
22	35	2	AH0002	151.806	151.907	때	[]
22	35	3	AH0002	152.027	152.729	대학을	[]
22	35	4	AH0002	152.969	153.47	다녔는데	[]
22	35	5	AH0002	153.551	155.255	도쿄상과대학에	[13]
22	35	6	AH0002	155.275	155.656	입학	[]
22	35	7	AH0002	155.676	156.538	했습니다.	[]
22	35	8	AH0002	156.638	157.059	그런데	[]
22	35	9	AH0002	157.741	158.262	그	[]
22	35	10	AH0002	158.403	158.623	학교	[]
22	35	11	AH0002	158.643	158.924	다니던	[]
22	35	12	AH0002	159.044	159.184	중에	[]
22	36	1	AH0002	159.686	159.907	어	[]
22	36	2	AH0002	160.027	160.708	태평양	[]
22	36	3	AH0002	160.809	161.109	전쟁	[]
22	36	4	AH0002	161.19	161.691	말기죠?	[]
22	36	5	AH0002	162.112	162.473	학병	[]
22	36	6	AH0002	162.593	163.134	징집을	[]
22	36	7	AH0002	163.315	163.515	피해	[]
22	36	8	AH0002	163.555	163.856	만주로	[]
22	36	9	AH0002	163.916	164.337	갔다가	[]
22	36	10	AH0002	164.357	164.698	팔일오	[14]
22	36	11	AH0002	165.219	166.262	해방과	[]
22	36	12	AH0002	166.302	166.723	함께	[]
22	36	13	AH0002	167.665	168.126	돌아옵니다.	[]
22	37	1	AH0002	168.744	168.904	그	[]
22	37	2	AH0002	169.064	169.365	후에	[]
22	37	3	AH0002	169.545	170.005	사십구	[]
22	37	4	AH0002	170.065	170.445	년이죠?	[]
22	37	5	AH0002	170.646	170.846	이	[]
22	37	6	AH0002	171.106	171.646	김경림	[]
22	37	7	AH0002	172.167	172.447	우리	[]
22	37	8	AH0002	172.807	173.068	청취자	[]
22	37	9	AH0002	173.108	173.568	여러분도	[]
22	37	10	AH0002	173.848	174.309	좋아하시고	[]
22	37	11	AH0002	174.409	174.569	많이	[]
22	37	12	AH0002	174.609	175.129	아실텐데	[]
22	37	13	AH0002	175.229	175.95	박인완과	[15]
22	37	14	AH0002	176.01	176.37	함께	[]
22	37	15	AH0002	176.991	177.251	새로운	[]
22	37	16	AH0002	177.351	177.671	도시와	[]
22	37	17	AH0002	177.771	178.152	시민들의	[]
22	37	18	AH0002	178.192	179.072	합창이라는	[]
22	37	19	AH0002	179.253	179.553	공동	[]
22	37	20	AH0002	179.653	180.013	시집을	[]
22	37	21	AH0002	180.093	180.694	발표합니다.	[16]
22	38	1	AH0002	181.475	181.975	그리고	[]
22	38	2	AH0002	182.176	182.656	이게	[]
22	38	3	AH0002	182.836	182.916	이	[]
22	38	4	AH0002	182.976	183.777	사실이	[]
22	38	5	AH0002	184.357	184.618	@이름738	[]
22	38	6	AH0002	184.938	185.378	시	[]
22	38	7	AH0002	185.558	185.959	세계에	[]
22	38	8	AH0002	186.079	186.279	많은	[]
22	38	9	AH0002	186.339	186.539	영향을	[]
22	38	10	AH0002	186.599	186.859	끼치는	[]
22	38	11	AH0002	186.879	186.899	것	[]
22	38	12	AH0002	186.919	187.3	같은데	[]
22	39	1	AH0002	187.581	188.143	한국	[]
22	39	2	AH0002	188.203	188.525	전쟁	[]
22	39	3	AH0002	188.665	188.786	때	[]
22	39	4	AH0002	189.509	189.79	에	[]
22	39	5	AH0002	189.97	190.171	서울을	[]
22	39	6	AH0002	190.231	190.593	점령한	[]
22	39	7	AH0002	190.693	191.697	북한군에	[]
22	39	8	AH0002	192.259	193.163	징집됩니다	[]
22	40	1	AH0002	193.164	193.806	어	[17]
22	40	2	AH0002	193.987	194.528	천구백오십	[]
22	40	3	AH0002	194.629	194.749	년	[]
22	40	4	AH0002	194.849	195.03	유월	[]
22	40	5	AH0002	195.07	195.391	이십팔	[]
22	40	6	AH0002	195.411	195.732	일부터	[]
22	40	7	AH0002	195.852	195.973	구월	[]
22	40	8	AH0002	196.013	196.334	이십팔	[]
22	40	9	AH0002	196.394	196.856	일까지	[]
22	40	10	AH0002	196.956	196.976	삼	[]
22	40	11	AH0002	197.197	197.337	개월	[]
22	40	12	AH0002	197.437	197.678	동안	[]
22	40	13	AH0002	198.059	198.38	이른바	[]
22	40	14	AH0002	198.481	198.922	적치	[]
22	40	15	AH0002	199.002	199.103	삼	[]
22	40	16	AH0002	199.263	199.644	개월이라고	[]
22	40	17	AH0002	199.685	199.865	해서	[18]
22	41	1	AH0002	200.448	200.668	어	[]
22	41	2	AH0002	200.809	202.252	북한인민군이	[]
22	41	3	AH0002	202.653	202.873	지배를	[]
22	41	4	AH0002	202.933	203.234	하죠?	[]
22	41	5	AH0002	203.695	204.075	그때	[]
22	41	6	AH0002	204.095	204.116	어	[]
22	41	7	AH0002	204.817	205.258	인민군으로	[]
22	41	8	AH0002	205.338	206.039	징집돼서	[]
22	41	9	AH0002	206.561	206.741	어	[]
22	41	10	AH0002	206.981	207.482	갔다가	[]
22	41	11	AH0002	207.923	208.124	아	[]
22	41	12	AH0002	208.404	209.206	탈출합니다	[]
22	42	1	AH0002	209.395	210.096	다음에	[]
22	42	2	AH0002	210.336	210.536	남한	[]
22	42	3	AH0002	210.636	210.976	경찰에	[]
22	42	4	AH0002	211.056	211.817	체포되었다가	[]
22	42	5	AH0002	212.978	213.398	거제도	[]
22	42	6	AH0002	213.539	213.699	포로	[]
22	42	7	AH0002	213.799	214.9	수용소에서	[]
22	42	8	AH0002	215.0	215.28	민간	[]
22	42	9	AH0002	215.34	215.981	억류자로	[]
22	42	10	AH0002	216.741	217.002	있다가	[]
22	42	11	AH0002	217.082	217.682	석방되죠.	[19]
22	42	12	AH0002	218.163	218.263	그	[]
22	42	13	AH0002	218.363	218.603	후에는	[]
22	43	1	AH0002	219.938	220.339	외국어를	[]
22	43	2	AH0002	220.399	220.8	잘해서	[]
22	43	3	AH0002	221.181	221.301	이	[]
22	43	4	AH0002	221.402	221.702	통역	[]
22	43	5	AH0002	221.803	222.163	일과	[]
22	43	6	AH0002	222.284	222.604	잡지사	[]
22	43	7	AH0002	222.685	223.186	신문사를	[]
22	43	8	AH0002	223.246	223.767	전전합니다.	[20]
22	43	9	AH0002	224.108	224.429	그리고	[]
22	43	10	AH0002	224.549	224.689	이	[]
22	43	11	AH0002	224.87	225.491	시작과	[]
22	43	12	AH0002	225.632	226.033	번역에	[]
22	43	13	AH0002	226.173	226.654	전념하는	[]
22	43	14	AH0002	226.714	227.055	것으로	[]
22	43	15	AH0002	227.637	228.619	알려져있습니다.	[21]
23	44	1	AH0001	229.193	229.393	어	[]
23	44	2	AH0001	229.513	230.054	말씀하신	[]
23	44	3	AH0001	230.234	230.434	이력	[]
23	44	4	AH0001	230.594	231.175	중에서	[]
23	44	5	AH0001	231.215	231.556	인제	[]
23	44	6	AH0001	231.676	231.936	해방	[]
23	44	7	AH0001	232.096	232.797	직후의	[]
23	44	8	AH0001	232.937	233.257	귀국을	[]
23	44	9	AH0001	233.277	234.118	해가지고	[]
23	44	10	AH0001	234.338	235.039	김경린	[]
23	44	11	AH0001	235.219	236.12	@이름711과	[]
23	44	12	AH0001	236.2	236.661	함께	[]
23	44	13	AH0001	237.542	237.762	새로운	[]
23	44	14	AH0001	237.842	238.203	도시와	[]
23	44	15	AH0001	238.303	238.603	시민들의	[]
23	44	16	AH0001	238.623	239.304	합창이라는	[]
23	44	17	AH0001	239.424	239.604	시집	[]
23	44	18	AH0001	239.724	240.025	공동	[]
23	44	19	AH0001	240.105	240.365	시집을	[]
23	44	20	AH0001	240.385	240.665	이제	[22]
23	44	21	AH0001	240.885	240.986	낸	[]
23	44	22	AH0001	241.266	241.466	거	[]
23	44	23	AH0001	241.506	242.147	아니겠습니까?	[]
23	45	1	AH0001	242.307	242.427	그런데	[]
23	45	2	AH0001	242.507	242.747	이제	[]
23	45	3	AH0001	243.047	243.748	이때까지만	[]
23	45	4	AH0001	243.768	243.928	해도	[]
23	45	5	AH0001	244.028	244.548	김경린	[]
23	45	6	AH0001	244.648	246.369	@이름711	[]
23	45	7	AH0001	246.389	246.409	아	[]
23	45	8	AH0001	246.689	247.85	@이름725까지	[]
23	45	9	AH0001	248.35	248.63	이른바	[]
23	45	10	AH0001	248.83	250.872	모더니즘을	[23]
23	45	11	AH0001	251.292	251.952	제창하던	[]
23	45	12	AH0001	251.972	251.992	어	[24]
23	45	13	AH0001	252.853	252.953	그걸	[]
23	45	14	AH0001	253.053	253.433	표방한	[]
23	45	15	AH0001	253.793	254.273	시집으로서	[]
23	45	16	AH0001	254.333	254.594	나오지	[]
23	45	17	AH0001	254.614	255.414	않았어요?	[]
23	46	1	AH0001	255.563	256.044	그런데	[]
23	46	2	AH0001	256.104	256.384	나중에	[]
23	46	3	AH0001	256.444	256.805	보면	[]
23	46	4	AH0001	256.925	257.406	@이름711도	[]
23	46	5	AH0001	257.446	257.726	사실은	[]
23	46	6	AH0001	257.806	258.267	모더니즘	[]
23	46	7	AH0001	258.387	258.587	시인이냐	[]
23	46	8	AH0001	258.628	258.828	아니냐	[]
23	46	9	AH0001	258.868	259.208	인제	[]
23	46	10	AH0001	259.309	259.389	좀	[]
23	46	11	AH0001	259.409	259.809	따질	[25]
23	46	12	AH0001	259.909	260.23	부분이	[]
23	46	13	AH0001	260.31	260.63	있고	[]
24	47	1	AH0002	260.972	261.541	네.	[]
24	47	2	AH0002	261.866	261.988	좀	[]
24	47	3	AH0002	262.17	262.191	논	[]
24	47	4	AH0002	262.211	262.272	논란이	[]
24	47	5	AH0002	262.292	262.333	있죠?	[]
25	48	1	AH0001	262.333	262.453	네.	[]
25	48	2	AH0001	262.573	263.014	김수용은	[]
25	48	3	AH0001	263.135	263.435	더욱이	[]
25	48	4	AH0001	263.515	263.596	더	[]
25	48	5	AH0001	263.616	263.796	인제	[]
25	48	6	AH0001	263.876	264.397	거기로부터	[]
25	48	7	AH0001	264.477	264.598	더	[]
25	48	8	AH0001	264.678	265.539	벗어나버렸고	[]
25	48	9	AH0001	266.06	266.241	사실	[]
25	48	10	AH0001	266.361	266.902	김경린	[]
25	48	11	AH0001	267.062	267.443	시인만	[]
25	48	12	AH0001	267.584	267.984	끝까지	[]
25	48	13	AH0001	268.044	268.465	모더니즘을	[]
25	48	14	AH0001	268.946	269.327	하셨던	[]
25	48	15	AH0001	269.347	269.407	것	[]
25	48	16	AH0001	269.467	270.329	같애요.	[26]
25	49	1	AH0001	270.331	270.851	그런데	[]
25	49	2	AH0001	271.252	271.352	이	[]
25	49	3	AH0001	271.492	271.592	세	[]
25	49	4	AH0001	271.732	272.013	분이	[]
25	49	5	AH0001	272.493	272.613	그	[]
25	49	6	AH0001	272.753	273.033	새로운	[]
25	49	7	AH0001	273.114	273.494	도시와	[]
25	49	8	AH0001	273.614	273.994	시민들의	[]
25	49	9	AH0001	274.034	274.795	합창이라는	[]
25	49	10	AH0001	274.895	275.135	시집을	[]
25	49	11	AH0001	275.195	275.556	냈다는	[]
25	49	12	AH0001	275.596	275.856	것이	[]
25	49	13	AH0001	275.956	276.276	어쨌건	[]
25	49	14	AH0001	276.377	276.457	참	[]
25	49	15	AH0001	276.557	276.837	기억할	[]
25	49	16	AH0001	276.917	277.117	만한	[]
25	49	17	AH0001	277.177	277.478	것이고	[]
25	50	1	AH0001	278.031	278.433	어	[]
25	50	2	AH0001	278.594	278.896	일본에서	[]
25	50	3	AH0001	278.956	279.177	공부를	[]
25	50	4	AH0001	279.197	279.398	했기	[]
25	50	5	AH0001	279.459	279.7	때문에	[]
25	50	6	AH0001	279.8	279.881	뭐	[]
25	50	7	AH0001	279.941	280.383	일본어야	[]
25	50	8	AH0001	280.444	280.584	잘	[]
25	50	9	AH0001	280.605	281.027	했지만은	[]
25	50	10	AH0001	281.188	281.489	영어도	[]
25	50	11	AH0001	281.529	281.992	잘하셨던	[]
25	50	12	AH0001	282.012	282.032	것	[]
25	50	13	AH0001	282.052	282.575	같애요.	[]
26	51	1	AH0002	282.575	282.955	영어를	[]
26	51	2	AH0002	283.055	283.256	워낙	[]
26	51	3	AH0002	283.396	283.756	잘해서	[27]
26	51	4	AH0002	283.856	284.217	번역도	[]
26	51	5	AH0002	284.277	284.577	많이했죠?	[]
26	51	6	AH0002	284.697	284.777	뭐	[]
26	51	7	AH0002	284.817	285.278	아주	[]
26	51	8	AH0002	285.778	286.158	유명한	[]
26	51	9	AH0002	286.258	286.979	시론집들을	[28]
26	51	10	AH0002	287.119	287.48	번역을	[]
26	51	11	AH0002	287.5	287.76	했고요.	[]
26	52	1	AH0002	288.489	288.79	어	[]
26	52	2	AH0002	289.01	289.151	시도	[]
26	52	3	AH0002	289.211	289.291	잘	[]
26	52	4	AH0002	289.412	289.652	쓰지만	[]
26	52	5	AH0002	289.753	290.535	산문이	[]
26	52	6	AH0002	290.795	290.976	기가	[]
26	52	7	AH0002	291.016	291.778	막힌	[]
26	52	8	AH0002	292.059	292.44	작품들이	[]
26	52	9	AH0002	292.5	293.463	많습니다.	[29]
26	52	10	AH0002	293.744	293.884	특히	[]
26	52	11	AH0002	293.984	294.546	번역에	[]
26	52	12	AH0002	294.566	294.727	관해서	[]
26	52	13	AH0002	294.807	295.067	얘기하는	[]
26	52	14	AH0002	295.148	295.348	글들을	[]
26	52	15	AH0002	295.428	295.729	보면은	[]
26	53	1	AH0002	296.566	296.726	어	[]
26	53	2	AH0002	296.846	297.127	놀라운	[]
26	53	3	AH0002	297.227	297.948	통찰들을	[30]
26	53	4	AH0002	297.968	297.988	볼	[]
26	53	5	AH0002	298.289	298.409	수가	[]
26	53	6	AH0002	298.429	299.19	있습니다.	[]
26	53	7	AH0002	299.651	300.993	그리고	[]
26	53	8	AH0002	301.033	301.554	이렇게	[]
26	53	9	AH0002	301.674	301.915	살다	[]
26	53	10	AH0002	302.015	302.315	사일구	[]
26	53	11	AH0002	302.396	302.736	이후에	[]
26	53	12	AH0002	302.876	303.217	이제	[]
26	53	13	AH0002	303.237	304.279	어	[]
26	53	14	AH0002	304.519	305.1	본격적으로	[]
26	53	15	AH0002	305.16	305.621	예술가	[]
26	53	16	AH0002	305.961	306.142	혹은	[]
26	53	17	AH0002	306.222	306.663	지식인의	[]
26	53	18	AH0002	306.743	307.664	참여문제라는	[]
26	53	19	AH0002	308.726	309.127	슬로건을	[]
26	53	20	AH0002	309.207	309.748	내세우고	[31]
26	53	21	AH0002	310.148	310.469	활동을	[]
26	53	22	AH0002	310.569	310.91	시작하죠.	[]
27	54	1	AH0001	311.475	311.917	초기에	[]
27	54	2	AH0001	311.977	312.157	그런	[]
27	54	3	AH0001	312.258	313.502	모더니즘적	[32]
27	54	4	AH0001	313.743	314.526	부흥에서부터	[]
27	54	5	AH0001	314.646	314.847	완전히	[]
27	54	6	AH0001	315.148	315.248	이	[33]
27	54	7	AH0001	315.509	316.111	변화를	[]
27	54	8	AH0001	316.232	316.372	주는	[]
27	54	9	AH0001	316.432	316.894	거죠?	[]
28	55	1	AH0002	316.894	317.014	네.	[]
28	55	2	AH0002	317.294	317.434	이거	[]
28	55	3	AH0002	317.554	318.215	모더니즘이나	[]
28	55	4	AH0002	318.275	319.035	리얼리즘이라는	[]
28	55	5	AH0002	319.155	319.415	경계	[]
28	55	6	AH0002	319.455	319.755	자체가	[]
28	55	7	AH0002	319.855	320.176	무색할	[]
28	55	8	AH0002	320.296	320.696	정도로	[34]
28	55	9	AH0002	321.296	321.957	적극적으로	[]
28	55	10	AH0002	321.977	321.997	이	[]
28	55	11	AH0002	322.377	322.557	시를	[]
28	55	12	AH0002	322.677	322.957	통한	[]
28	55	13	AH0002	323.597	324.378	사회참여	[]
28	55	14	AH0002	324.818	325.598	개입을	[]
28	55	15	AH0002	325.878	326.239	시도하죠.	[]
29	56	1	AH0001	317.104	317.126	네.	[]
30	57	1	AH0002	327.631	327.992	네	[]
30	57	2	AH0002	328.072	328.213	그런	[]
30	57	3	AH0002	328.273	328.914	한편에	[]
30	57	4	AH0002	328.995	329.536	여전히	[]
30	57	5	AH0002	329.556	329.576	뭐	[]
30	57	6	AH0002	331.06	331.281	이	[]
30	57	7	AH0002	331.401	331.862	안정된	[]
30	57	8	AH0002	332.203	332.624	일자리는	[]
30	57	9	AH0002	332.644	332.965	없었던	[]
30	57	10	AH0002	332.985	333.005	것	[]
30	57	11	AH0002	333.045	333.607	같습니다	[]
30	58	1	AH0002	333.674	333.774	그	[]
30	58	2	AH0002	333.874	334.094	유명한	[]
30	58	3	AH0002	334.154	334.394	마포	[]
30	58	4	AH0002	334.495	334.755	쪽에	[]
30	58	5	AH0002	335.215	335.695	양계장이	[]
30	58	6	AH0002	336.056	336.456	유명하죠.	[]
30	58	7	AH0002	336.536	336.816	@이름738	[]
30	58	8	AH0002	336.896	337.096	얘기할	[]
30	58	9	AH0002	337.176	337.456	때마다	[36]
30	58	10	AH0002	337.817	338.097	그리고	[]
30	58	11	AH0002	338.497	338.557	이	[]
30	58	12	AH0002	338.657	339.258	번역료로	[]
30	58	13	AH0002	339.698	340.318	생활하면서	[]
30	58	14	AH0002	340.919	341.299	다양한	[]
30	58	15	AH0002	341.639	342.019	글들을	[]
30	58	16	AH0002	342.4	342.78	씁니다.	[]
30	59	1	AH0002	343.084	343.324	그리고	[]
30	59	2	AH0002	343.344	343.364	이	[]
30	59	3	AH0002	343.685	343.925	특히	[]
30	59	4	AH0002	344.005	344.706	소시민들의	[]
30	59	5	AH0002	345.327	345.788	허위의식	[]
30	59	6	AH0002	346.168	346.268	그리고	[]
30	59	7	AH0002	346.388	346.629	후진	[]
30	59	8	AH0002	346.769	346.949	한국	[]
30	59	9	AH0002	347.069	347.249	사회에	[]
30	59	10	AH0002	347.329	347.77	후진성	[]
30	59	11	AH0002	348.03	348.351	등등을	[]
30	59	12	AH0002	348.451	348.952	비판하는	[]
30	59	13	AH0002	349.112	349.532	날카로운	[]
30	59	14	AH0002	349.632	349.973	글들을	[37]
30	59	15	AH0002	350.474	351.575	씁니다.	[]
31	60	1	AH0001	352.022	352.543	아	[]
31	60	2	AH0001	353.064	354.185	천구백육십팔년	[]
31	60	3	AH0001	354.606	354.947	유월	[]
31	60	4	AH0001	354.967	355.327	십오일	[]
31	60	5	AH0001	355.447	357.35	이제	[38]
31	60	6	AH0001	357.751	357.831	그	[]
31	60	7	AH0001	357.971	358.151	다음	[]
31	60	8	AH0001	358.252	358.372	날	[]
31	60	9	AH0001	358.512	358.652	유월	[]
31	60	10	AH0001	358.772	359.293	십육일	[]
31	60	11	AH0001	359.854	360.816	교통사고로	[]
31	60	12	AH0001	361.196	361.457	세상을	[]
31	60	13	AH0001	361.557	362.298	떠났다라고	[]
31	60	14	AH0001	362.358	362.719	말씀을	[]
31	60	15	AH0001	362.739	363.34	해주셨는데	[]
31	61	1	AH0001	363.875	364.318	에	[]
31	61	2	AH0001	364.76	365.021	내일이	[]
31	61	3	AH0001	365.082	365.283	바로	[]
31	61	4	AH0001	365.343	365.404	이제	[]
31	61	5	AH0001	365.444	366.228	그날이	[]
31	61	6	AH0001	366.309	367.234	되는군요.	[]
32	62	1	AH0002	367.269	367.89	십오일에	[]
32	62	2	AH0002	367.95	368.151	교통	[]
32	62	3	AH0002	368.231	368.411	사고가	[]
32	62	4	AH0002	368.451	369.153	있었고요.	[39]
32	62	5	AH0002	369.493	369.593	어	[]
32	62	6	AH0002	369.674	369.914	의식을	[]
32	62	7	AH0002	369.954	370.175	잃고	[]
32	62	8	AH0002	370.255	370.515	병원으로	[]
32	62	9	AH0002	370.595	371.177	실려갔는데	[40]
32	62	10	AH0002	371.237	371.297	그	[]
32	62	11	AH0002	371.397	371.758	다음날	[]
32	62	12	AH0002	372.118	372.319	결국	[]
32	62	13	AH0002	372.419	372.84	십육일날	[]
33	63	1	AH0001	372.98	373.622	사망선고가	[41]
33	63	2	AH0001	373.682	374.204	내려지는	[]
33	63	3	AH0001	374.646	374.987	거는	[]
33	63	4	AH0001	375.127	375.308	유월	[]
33	63	5	AH0001	375.408	375.85	십육일.	[42]
33	63	6	AH0001	376.552	376.572	예.	[]
34	64	1	AH0002	377.114	377.314	우리	[]
34	64	2	AH0002	377.595	377.976	@이름537	[]
34	64	3	AH0002	378.276	378.677	시인이	[]
34	64	4	AH0002	379.198	380.06	추도문에서	[]
34	64	5	AH0002	380.581	380.861	어	[]
34	64	6	AH0002	381.182	381.582	지맥	[]
34	64	7	AH0002	381.663	381.823	속의	[]
34	64	8	AH0002	381.923	382.444	분수라는	[]
34	64	9	AH0002	382.745	383.246	추도문에서	[]
34	64	10	AH0002	383.586	383.867	이렇게	[]
34	64	11	AH0002	383.927	384.268	얘기하죠.	[]
34	64	12	AH0002	384.468	384.768	어두운	[]
34	64	13	AH0002	384.869	385.229	시대의	[]
34	64	14	AH0002	385.57	385.871	위대한	[]
34	64	15	AH0002	386.031	386.351	증인을	[]
34	64	16	AH0002	386.452	386.752	잃었다.	[43]
35	65	1	AH0001	388.427	388.547	참	[]
35	65	2	AH0001	388.607	389.047	안타까운	[]
35	65	3	AH0001	389.147	389.808	죽음인데요.	[]
35	65	4	AH0001	390.068	390.488	어	[]
35	65	5	AH0001	391.289	391.449	그	[]
35	65	6	AH0001	391.669	392.189	후에	[]
35	65	7	AH0001	392.209	392.229	그	[]
35	65	8	AH0001	392.97	393.79	문학적인	[]
35	65	9	AH0001	393.93	394.47	성과가	[]
35	65	10	AH0001	394.491	394.891	아주	[]
35	65	11	AH0001	395.051	395.251	크게	[]
35	65	12	AH0001	395.351	395.971	평가를	[]
35	65	13	AH0001	396.031	396.252	받게	[]
35	65	14	AH0001	396.292	396.492	되고	[44]
35	66	1	AH0001	397.697	398.178	그런	[]
35	66	2	AH0001	398.238	398.78	업적을	[]
35	66	3	AH0001	398.9	399.161	기리기	[]
35	66	4	AH0001	399.201	399.562	위해서	[]
35	66	5	AH0001	399.582	399.782	이제	[]
35	66	6	AH0001	400.043	401.927	@이름738문학상이	[]
35	66	7	AH0001	402.569	403.03	재정된	[]
35	66	8	AH0001	403.13	403.231	게	[]
35	66	9	AH0001	403.371	404.093	천구백팔십	[]
35	66	10	AH0001	404.233	404.734	년대	[]
35	66	11	AH0001	404.995	406.298	초반이었어요.	[45]
35	67	1	AH0001	406.578	407.261	지금까지도	[]
35	67	2	AH0001	407.341	407.522	이	[]
35	67	3	AH0001	408.004	408.586	그	[]
35	67	4	AH0001	409.309	409.57	수상을	[]
35	67	5	AH0001	409.61	409.751	하고	[]
35	67	6	AH0001	409.791	410.373	있죠	[]
36	68	1	AH0002	410.373	410.595	네	[]
36	68	2	AH0002	410.736	411.018	시문학	[]
36	68	3	AH0002	411.159	411.461	쪽에서는	[]
36	68	4	AH0002	411.562	411.784	가장	[]
36	68	5	AH0002	411.865	412.106	권위	[]
36	68	6	AH0002	412.127	412.288	있는	[]
36	68	7	AH0002	412.328	412.55	문학상	[]
37	69	1	AH0001	412.57	413.454	그렇다고	[]
37	69	2	AH0001	413.534	414.017	보입니다.	[]
37	69	3	AH0001	414.258	414.278	네.	[]
37	70	1	AH0001	415.467	415.647	자	[]
37	70	2	AH0001	415.748	416.289	그렇다면	[]
37	70	3	AH0001	416.59	416.79	아	[]
37	70	4	AH0001	416.93	417.391	찬찬히	[]
37	70	5	AH0001	417.472	417.853	@이름738	[]
37	70	6	AH0001	417.953	418.775	시를	[]
37	70	7	AH0001	419.156	419.356	한	[]
37	70	8	AH0001	419.617	419.877	편씩	[]
37	70	9	AH0001	419.957	420.038	좀	[]
37	70	10	AH0001	420.098	420.639	만나보죠	[]
37	70	11	AH0001	420.839	421.08	어떤	[]
37	70	12	AH0001	421.12	421.581	작품부터	[]
37	70	13	AH0001	421.601	421.882	이야기를	[]
37	70	14	AH0001	421.902	421.922	해	[]
37	70	15	AH0001	421.962	422.403	볼까요?	[]
38	71	1	AH0002	422.468	422.488	네.	[]
38	71	2	AH0002	422.728	422.968	우리	[]
38	71	3	AH0002	423.128	423.408	청취자	[]
38	71	4	AH0002	423.448	424.329	여러분들은	[]
38	71	5	AH0002	424.609	424.769	뭐	[]
38	71	6	AH0002	425.089	425.529	눈이나	[]
38	71	7	AH0002	425.969	426.089	풀	[]
38	71	8	AH0002	426.289	426.389	또는	[]
38	71	9	AH0002	426.489	427.07	폭포를	[]
38	71	10	AH0002	427.21	427.67	떠올리실	[]
38	71	11	AH0002	428.09	428.43	건데	[]
38	71	12	AH0002	428.81	429.21	쪼끔	[]
38	71	13	AH0002	429.39	429.47	잘	[]
38	71	14	AH0002	429.49	430.351	알려져	[]
38	71	15	AH0002	430.371	430.531	있지	[]
38	71	16	AH0002	430.571	430.731	않은	[]
38	71	17	AH0002	430.811	431.231	소설	[]
38	71	18	AH0002	431.251	431.651	어	[]
38	71	19	AH0002	431.951	432.131	이	[]
38	71	20	AH0002	432.151	432.171	시.	[]
38	71	21	AH0002	433.152	433.292	방	[]
38	71	22	AH0002	433.472	433.932	안에서	[]
38	71	23	AH0002	434.092	434.492	익어가는	[]
38	71	24	AH0002	434.632	435.773	설움부터	[]
38	71	25	AH0002	435.833	436.533	보겠습니다.	[46]
38	72	1	AH0002	436.933	437.534	@이름738	[]
38	72	2	AH0002	437.754	438.075	시의	[]
38	72	3	AH0002	438.235	438.856	설움에	[]
38	72	4	AH0002	439.598	439.878	에	[]
38	72	5	AH0002	440.199	440.519	뭐랄까	[]
38	72	6	AH0002	440.579	441.08	인상이	[]
38	72	7	AH0002	441.401	441.862	곳곳에서	[]
38	72	8	AH0002	441.962	442.523	드러나는데	[]
38	72	9	AH0002	443.244	443.805	대표하는	[]
38	72	10	AH0002	444.005	444.346	시가	[]
38	72	11	AH0002	444.386	444.466	아닌가	[]
38	72	12	AH0002	444.506	444.947	싶어서	[]
38	72	13	AH0002	445.147	446.049	골랐습니다	[]
38	73	1	AH0002	446.05	446.733	한번	[]
38	73	2	AH0002	446.753	447.074	읽어볼까요?	[]
38	74	1	AH0002	447.737	448.339	비가	[]
38	74	2	AH0002	448.459	448.8	그친	[]
38	74	3	AH0002	448.94	449.04	후	[]
38	74	4	AH0002	449.281	449.481	어느	[]
38	74	5	AH0002	449.542	449.662	날	[]
38	74	6	AH0002	450.143	450.324	나의	[]
38	74	7	AH0002	450.464	450.484	방	[]
38	74	8	AH0002	450.644	450.925	안에	[]
38	74	9	AH0002	451.346	451.707	설움이	[]
38	74	10	AH0002	451.848	452.429	충만되어	[]
38	74	11	AH0002	452.469	452.67	있는	[]
38	74	12	AH0002	452.73	452.99	것을	[]
38	74	13	AH0002	453.111	454.354	발견하였다	[]
38	75	1	AH0002	454.354	454.614	오고	[]
38	75	2	AH0002	454.734	454.935	가는	[]
38	75	3	AH0002	454.995	455.295	것이	[]
38	75	4	AH0002	455.495	456.096	직선으로	[]
38	75	5	AH0002	456.496	456.736	혹은	[]
38	75	6	AH0002	457.177	457.957	대각선으로	[]
38	75	7	AH0002	458.158	458.838	맞닥뜨리는	[]
38	75	8	AH0002	458.898	458.978	것	[]
38	75	9	AH0002	459.098	459.379	같은	[]
38	75	10	AH0002	459.499	459.859	속에서	[]
38	75	11	AH0002	460.52	460.68	나의	[]
38	75	12	AH0002	460.8	461.12	설움은	[]
38	75	13	AH0002	461.441	461.881	유유히	[]
38	75	14	AH0002	462.221	462.542	자기의	[]
38	75	15	AH0002	462.642	462.942	시간을	[]
38	75	16	AH0002	463.062	464.043	찾아갔다	[]
38	76	1	AH0002	464.043	465.127	설움을	[]
38	76	2	AH0002	465.227	465.749	영유하는	[]
38	76	3	AH0002	465.969	466.391	야릇한	[]
38	76	4	AH0002	466.491	466.912	것만을	[]
38	76	5	AH0002	467.093	467.454	구태여	[]
38	76	6	AH0002	467.534	467.896	찾아서	[]
38	76	7	AH0002	467.976	468.297	헤매는	[]
38	76	8	AH0002	468.337	468.598	것은	[]
38	76	9	AH0002	469.28	469.662	우둔한	[]
38	76	10	AH0002	469.722	470.083	일인줄	[]
38	76	11	AH0002	470.123	470.504	알면서	[]
38	77	1	AH0002	471.026	471.547	이것이	[]
38	77	2	AH0002	471.627	471.787	나의	[]
38	77	3	AH0002	471.907	472.448	생활이며	[]
38	77	4	AH0002	472.688	473.288	정신이며	[]
38	77	5	AH0002	473.649	474.149	시대이며	[]
38	77	6	AH0002	474.61	475.331	밑바닥이라는	[]
38	77	7	AH0002	475.371	475.591	것을	[]
38	77	8	AH0002	475.691	476.051	믿었기	[]
38	77	9	AH0002	476.151	476.452	때문에	[]
38	78	1	AH0002	476.672	477.113	아	[]
38	78	2	AH0002	477.334	477.615	그러나	[]
38	78	3	AH0002	477.735	477.915	지금	[]
38	78	4	AH0002	478.096	478.196	이	[]
38	78	5	AH0002	478.357	478.798	방안에는	[]
38	78	6	AH0002	479.279	479.52	오직	[]
38	78	7	AH0002	479.7	480.122	시간만	[]
38	78	8	AH0002	480.182	480.402	있지	[]
38	78	9	AH0002	480.442	480.743	않느냐	[]
38	78	10	AH0002	481.084	481.345	흐르는	[]
38	78	11	AH0002	481.465	481.686	시간	[]
38	78	12	AH0002	481.826	482.107	속에	[]
38	78	13	AH0002	482.448	482.949	이를테면	[]
38	78	14	AH0002	483.19	483.371	푸른	[]
38	78	15	AH0002	483.411	483.631	옷이	[]
38	78	16	AH0002	483.691	484.012	걸리고	[]
38	79	1	AH0002	484.233	484.633	그	[]
38	79	2	AH0002	484.713	484.874	위에	[]
38	79	3	AH0002	484.954	485.454	반짝이는	[]
38	79	4	AH0002	485.674	486.275	별같이	[]
38	79	5	AH0002	486.715	486.836	흰	[]
38	79	6	AH0002	486.936	487.336	단추가	[]
38	79	7	AH0002	487.396	487.957	달려있고	[]
38	79	8	AH0002	488.537	488.918	가만히	[]
38	79	9	AH0002	488.978	489.618	앉아있어도	[]
38	79	10	AH0002	489.979	490.319	자꾸	[]
38	79	11	AH0002	490.499	491.38	뻐근하여만가는	[]
38	79	12	AH0002	491.48	491.68	목을	[]
38	79	13	AH0002	491.781	492.101	돌려	[]
38	79	14	AH0002	492.661	493.122	시간과	[]
38	79	15	AH0002	493.162	493.582	함께	[]
38	79	16	AH0002	493.783	494.203	비스듬히	[]
38	79	17	AH0002	494.323	494.864	내려다보는	[]
38	79	18	AH0002	494.924	494.944	것	[]
38	80	1	AH0002	495.164	495.825	그것은	[]
38	80	2	AH0002	495.885	496.266	혹시	[]
38	80	3	AH0002	496.627	496.747	한	[]
38	80	4	AH0002	496.867	497.108	자루의	[]
38	80	5	AH0002	497.228	497.549	부채	[]
38	80	6	AH0002	498.05	498.29	그러나	[]
38	80	7	AH0002	498.35	498.651	그것은	[]
38	80	8	AH0002	498.771	499.492	보일락말락	[]
38	80	9	AH0002	499.753	499.933	나의	[]
38	80	10	AH0002	500.114	500.615	시야에서	[]
38	80	11	AH0002	500.855	501.156	멀어져	[]
38	80	12	AH0002	501.216	501.396	가는	[]
38	80	13	AH0002	501.476	501.496	것	[]
38	81	1	AH0002	501.817	502.399	하나의	[]
38	81	2	AH0002	502.559	503.141	가냘픈	[]
38	81	3	AH0002	503.261	503.682	물체에	[]
38	81	4	AH0002	503.862	504.203	도저히	[]
38	81	5	AH0002	504.344	504.745	고정될	[]
38	81	6	AH0002	504.865	504.945	수	[]
38	81	7	AH0002	504.986	505.246	없는	[]
38	81	8	AH0002	505.667	505.848	나의	[]
38	81	9	AH0002	505.968	506.349	눈이며	[]
38	81	10	AH0002	506.69	506.851	나의	[]
38	81	11	AH0002	506.931	507.773	정신이며	[]
38	82	1	AH0002	507.773	508.253	이	[]
38	82	2	AH0002	508.353	508.593	밤이	[]
38	82	3	AH0002	508.674	509.034	기다리는	[]
38	82	4	AH0002	509.174	509.514	고요한	[]
38	82	5	AH0002	509.614	510.234	사상마저	[]
38	82	6	AH0002	510.695	510.875	나는	[]
38	82	7	AH0002	510.995	511.395	초연히	[]
38	82	8	AH0002	511.495	511.835	이것을	[]
38	82	9	AH0002	511.955	512.256	시간	[]
38	82	10	AH0002	512.316	512.476	위에	[]
38	82	11	AH0002	512.556	512.916	얹고	[]
38	82	12	AH0002	513.496	513.836	어려움	[]
38	82	13	AH0002	514.257	514.357	몇	[]
38	82	14	AH0002	514.477	514.737	고비를	[]
38	82	15	AH0002	514.797	515.237	넘어가는	[]
38	82	16	AH0002	515.477	515.797	기술을	[]
38	82	17	AH0002	515.898	516.118	알고	[]
38	82	18	AH0002	516.158	516.478	있나니	[]
38	83	1	AH0002	516.698	517.519	누구의	[]
38	83	2	AH0002	517.599	517.96	생활도	[]
38	83	3	AH0002	517.98	518.16	아닌	[]
38	83	4	AH0002	518.32	518.661	이것은	[]
38	83	5	AH0002	519.222	519.422	나의	[]
38	83	6	AH0002	519.762	520.183	확실한	[]
38	83	7	AH0002	520.283	520.423	나의	[]
38	83	8	AH0002	520.524	520.804	생활	[]
38	83	9	AH0002	521.525	521.845	마지막	[]
38	83	10	AH0002	521.946	522.426	설움마저	[]
38	83	11	AH0002	522.506	522.707	보낸	[]
38	83	12	AH0002	522.847	522.947	뒤	[]
38	83	13	AH0002	523.308	523.468	빈	[]
38	83	14	AH0002	523.668	523.768	방	[]
38	83	15	AH0002	523.848	524.249	안에서	[]
38	83	16	AH0002	524.629	524.79	나는	[]
38	83	17	AH0002	524.95	525.29	홀로이	[]
38	83	18	AH0002	525.371	525.671	머물러	[]
38	83	19	AH0002	525.711	526.392	앉아	[]
38	84	1	AH0002	526.392	526.996	어떠한	[]
38	84	2	AH0002	527.096	527.378	내용의	[]
38	84	3	AH0002	527.499	527.781	책을	[]
38	84	4	AH0002	528.163	528.686	열어보려	[]
38	84	5	AH0002	528.868	529.25	하는가	[]
39	85	1	AH0001	529.791	530.292	네.	[]
39	85	2	AH0001	531.253	531.453	아	[]
39	85	3	AH0001	531.593	531.673	방	[]
39	85	4	AH0001	531.713	532.074	안에서	[]
39	85	5	AH0001	532.114	532.514	익어가는	[]
39	85	6	AH0001	532.634	533.755	설움이라고	[47]
39	85	7	AH0001	533.795	533.956	하는	[]
39	85	8	AH0001	534.056	534.356	제목의	[]
39	85	9	AH0001	534.496	534.997	시인데	[]
39	86	1	AH0001	535.796	536.377	에	[]
39	86	2	AH0001	536.577	536.818	마지막	[]
39	86	3	AH0001	536.978	537.299	연에서	[]
39	86	4	AH0001	537.419	537.82	마지막	[]
39	86	5	AH0001	538.2	538.962	설움마저	[]
39	86	6	AH0001	539.042	539.322	보낸	[]
39	86	7	AH0001	539.463	539.603	뒤	[]
39	86	8	AH0001	539.823	539.964	빈	[]
39	86	9	AH0001	540.084	540.424	방안에	[]
39	86	10	AH0001	540.485	540.665	나는	[]
39	86	11	AH0001	540.765	541.026	홀로이	[]
39	86	12	AH0001	541.106	541.346	머물러	[]
39	86	13	AH0001	541.406	541.607	앉아	[]
39	86	14	AH0001	541.647	542.047	있다.	[]
39	86	15	AH0001	542.388	542.468	그	[]
39	86	16	AH0001	542.508	542.769	대목에서	[]
39	86	17	AH0001	542.829	543.049	인제	[]
39	86	18	AH0001	543.17	543.711	설움이라고	[]
39	86	19	AH0001	543.731	543.871	하는	[]
39	86	20	AH0001	543.891	543.911	어	[]
39	86	21	AH0001	545.053	545.454	단어가	[]
39	86	22	AH0001	545.554	546.035	직설적으로	[]
39	86	23	AH0001	546.095	546.415	나오고는	[]
39	86	24	AH0001	546.435	546.997	있습니다마는	[48]
39	87	1	AH0001	547.515	547.897	어떤	[]
39	87	2	AH0001	547.978	548.239	설움을	[]
39	87	3	AH0001	548.279	548.621	얘기	[]
39	87	4	AH0001	549.024	549.768	하는것일까요?	[]
40	88	1	AH0002	549.898	550.64	글쎄요.	[]
40	88	2	AH0002	550.8	551.121	읽는	[]
40	88	3	AH0002	551.181	551.683	사람마다	[]
40	88	4	AH0002	551.703	551.723	다	[]
40	88	5	AH0002	552.044	552.324	다르게	[]
40	88	6	AH0002	552.425	552.505	볼	[]
40	88	7	AH0002	552.585	552.625	수	[]
40	88	8	AH0002	552.665	552.806	있을	[]
40	88	9	AH0002	552.846	552.866	듯	[]
40	88	10	AH0002	552.946	553.227	한데	[49]
40	89	1	AH0002	554.24	554.501	어	[]
40	89	2	AH0002	554.621	555.202	현대인의	[]
40	89	3	AH0002	555.303	555.643	고독일	[]
40	89	4	AH0002	555.824	555.904	수도	[]
40	89	5	AH0002	555.944	556.285	있고	[]
40	89	6	AH0002	556.886	557.187	자기가	[]
40	89	7	AH0002	557.247	557.588	겪어온	[]
40	89	8	AH0002	557.668	557.969	삶에	[]
40	89	9	AH0002	558.049	558.229	대한	[]
40	89	10	AH0002	558.25	558.27	그	[]
40	89	11	AH0002	558.831	559.533	아쉬움에서	[]
40	89	12	AH0002	559.613	559.994	밀려오는	[]
40	89	13	AH0002	560.094	560.395	서러움일	[]
40	89	14	AH0002	560.475	560.535	수	[]
40	89	15	AH0002	560.555	560.735	있을	[]
40	89	16	AH0002	560.776	560.836	것	[]
40	89	17	AH0002	560.856	561.136	같고	[]
40	90	1	AH0002	561.505	561.705	어	[]
40	90	2	AH0002	561.925	563.086	다양한	[]
40	90	3	AH0002	563.166	563.466	해석이	[]
40	90	4	AH0002	563.526	563.806	가능할	[]
40	90	5	AH0002	563.946	564.427	듯합니다.	[50]
40	90	6	AH0002	564.847	565.107	근데	[]
40	90	7	AH0002	565.267	565.667	어쩌면	[]
40	90	8	AH0002	565.687	566.608	어	[]
40	90	9	AH0002	566.628	566.648	삶	[]
40	90	10	AH0002	566.988	567.549	자체가	[]
40	90	11	AH0002	567.949	568.669	@이름738에게는	[]
40	90	12	AH0002	569.15	570.05	서러움이었는지도	[]
40	90	13	AH0002	570.13	570.23	잘	[]
40	90	14	AH0002	570.31	571.651	모르겠습니다.	[51]
40	91	1	AH0002	571.652	571.852	에	[]
40	91	2	AH0002	571.973	572.133	이런	[]
40	91	3	AH0002	572.233	572.394	표현이	[]
40	91	4	AH0002	572.454	572.774	있죠	[]
40	91	5	AH0002	572.995	573.396	설움을	[]
40	91	6	AH0002	573.476	573.957	영유하는	[]
40	91	7	AH0002	574.037	574.438	야릇한	[]
40	91	8	AH0002	574.498	574.899	것만을	[]
40	91	9	AH0002	575.139	575.52	구태여	[]
40	91	10	AH0002	575.66	575.901	찾아	[]
40	91	11	AH0002	575.961	576.282	헤매는	[]
40	91	12	AH0002	576.342	576.602	것은	[]
40	91	13	AH0002	577.284	577.624	우둔한	[]
40	91	14	AH0002	577.664	577.945	일인줄	[]
40	91	15	AH0002	577.985	578.486	알면서도	[]
40	92	1	AH0002	579.471	580.011	찾아간다는	[]
40	92	2	AH0002	580.071	581.272	거죠.	[52]
40	92	3	AH0002	581.612	581.733	그게	[]
40	92	4	AH0002	581.813	582.233	생활이고	[]
40	92	5	AH0002	582.313	582.813	정신이고	[]
40	92	6	AH0002	582.973	583.474	시대이고	[]
40	92	7	AH0002	583.714	584.314	밑바닥이라는	[]
40	92	8	AH0002	584.374	584.574	것을	[]
40	92	9	AH0002	584.655	584.875	믿기	[]
40	92	10	AH0002	584.955	585.215	때문에	[]
40	92	11	AH0002	585.275	585.575	그런단	[]
40	92	12	AH0002	585.775	586.296	그렇다는	[]
40	92	13	AH0002	586.336	586.796	것입니다.	[]
40	93	1	AH0002	586.796	587.838	설움의	[53]
40	93	2	AH0002	588.379	588.78	정체?	[]
40	93	3	AH0002	588.8	588.82	그	[]
40	93	4	AH0002	589.201	589.742	핵심을	[]
40	93	5	AH0002	589.863	590.223	찾아가는	[]
40	93	6	AH0002	590.344	590.905	과정에서	[]
40	93	7	AH0002	591.526	591.827	자신의	[]
40	93	8	AH0002	591.987	592.128	시의	[]
40	93	9	AH0002	592.248	592.809	고갱이를	[]
40	93	10	AH0002	593.23	593.651	발견하지	[]
40	93	11	AH0002	593.671	594.012	않았나	[]
40	93	12	AH0002	594.192	594.432	이런	[]
40	93	13	AH0002	594.533	594.954	생각도	[]
40	93	14	AH0002	595.014	595.254	합니다.	[54]
41	94	1	AH0001	596.515	596.996	흐르는	[]
41	94	2	AH0001	597.136	597.356	시간	[]
41	94	3	AH0001	597.517	597.837	속에	[]
41	94	4	AH0001	597.958	598.579	이를테면	[55]
41	94	5	AH0001	598.799	599.059	푸른	[]
41	94	6	AH0001	599.22	599.56	옷이	[]
41	94	7	AH0001	599.66	600.181	걸리고	[]
41	94	8	AH0001	601.303	601.444	그	[]
41	94	9	AH0001	601.604	601.784	위에	[]
41	94	10	AH0001	601.884	602.405	반짝이는	[]
41	94	11	AH0001	602.525	603.127	별같이	[]
41	94	12	AH0001	603.247	603.387	흰	[]
41	94	13	AH0001	603.527	604.008	단추가	[]
41	94	14	AH0001	604.108	604.729	달려있고	[56]
42	95	1	AH0002	606.731	607.112	시간	[]
42	95	2	AH0002	607.272	607.472	속에	[]
42	95	3	AH0002	607.632	607.712	푸른	[]
42	95	4	AH0002	607.793	607.953	옷이	[]
42	95	5	AH0002	608.013	608.934	걸려있답니다.	[]
42	95	6	AH0002	609.235	609.375	그리고	[57]
42	95	7	AH0002	609.595	609.655	그	[]
42	95	8	AH0002	609.675	609.736	위에	[]
42	95	9	AH0002	609.876	610.256	반짝이는	[]
42	95	10	AH0002	610.397	610.857	별같이	[]
42	95	11	AH0002	611.017	611.358	단추가	[]
42	95	12	AH0002	611.418	611.618	달려	[]
42	95	13	AH0002	611.839	611.919	있고.	[58]
42	95	14	AH0002	612.019	612.039	네.	[]
43	96	1	AH0001	613.375	613.696	비가	[]
43	96	2	AH0001	613.756	614.097	그친	[]
43	96	3	AH0001	614.377	614.538	후	[]
43	96	4	AH0001	614.678	614.898	어느	[]
43	96	5	AH0001	614.978	615.66	날을	[]
43	96	6	AH0001	615.8	616.181	배경으로	[]
43	96	7	AH0001	616.261	616.361	해	[]
43	96	8	AH0001	616.422	616.923	가지고	[]
43	96	9	AH0001	617.644	618.085	자신에게	[]
43	96	10	AH0001	618.185	618.506	몰려드는	[]
43	96	11	AH0001	618.546	618.807	어떤	[]
43	96	12	AH0001	618.967	619.388	설움을	[59]
43	96	13	AH0001	619.508	619.649	얘기를	[]
43	96	14	AH0001	619.689	619.849	하고	[]
43	96	15	AH0001	619.869	620.37	있는데	[]
43	96	16	AH0001	620.611	620.731	그	[]
43	96	17	AH0001	620.851	621.232	설움은	[]
43	96	18	AH0001	621.954	622.154	어	[]
43	96	19	AH0001	622.314	622.455	결국	[]
43	97	1	AH0001	623.396	623.596	본인이	[]
43	97	2	AH0001	623.616	623.817	이제	[]
43	97	3	AH0001	623.897	624.438	문학적으로	[]
43	97	4	AH0001	624.578	624.839	안고	[]
43	97	5	AH0001	624.899	625.4	가야할	[]
43	97	6	AH0001	626.101	626.402	자신의	[]
43	97	7	AH0001	626.462	627.203	인생.	[60]
43	97	8	AH0001	627.564	627.744	크게	[]
43	97	9	AH0001	627.804	627.944	보면	[]
43	97	10	AH0001	628.025	628.085	또	[]
43	97	11	AH0001	628.145	628.485	그렇게도	[]
43	97	12	AH0001	628.566	628.626	볼	[]
43	97	13	AH0001	628.706	628.746	수	[]
43	97	14	AH0001	628.786	629.147	있겠습니다만	[]
44	98	1	AH0002	629.367	629.627	삶의	[]
44	98	2	AH0002	629.727	630.067	무게일	[]
44	98	3	AH0002	630.187	630.267	수도	[]
44	98	4	AH0002	630.287	630.468	있을	[]
44	98	5	AH0002	630.528	630.568	것	[]
44	98	6	AH0002	630.608	631.108	같고요.	[61]
44	98	7	AH0002	631.488	631.608	또는	[]
44	98	8	AH0002	631.708	632.588	정신의	[]
44	98	9	AH0002	632.789	633.369	그	[]
44	98	10	AH0002	633.509	633.909	힘겨운	[]
44	98	11	AH0002	634.029	635.21	여정을	[]
44	98	12	AH0002	635.75	636.15	이	[]
44	98	13	AH0002	636.55	637.251	설움으로	[]
44	98	14	AH0002	637.411	637.431	이	[]
44	98	15	AH0002	637.731	638.191	얘기한	[]
44	98	16	AH0002	638.311	638.591	것이라고	[]
44	98	17	AH0002	638.651	638.691	할	[]
44	98	18	AH0002	638.771	638.851	수도	[]
44	98	19	AH0002	638.871	639.112	있을	[]
44	98	20	AH0002	639.152	639.172	것	[]
44	98	21	AH0002	639.212	639.592	같습니다.	[62]
44	99	1	AH0002	640.257	640.477	예를	[]
44	99	2	AH0002	640.557	640.877	들면	[]
44	99	3	AH0002	641.257	641.378	이	[]
44	99	4	AH0002	641.478	641.698	밤이	[]
44	99	5	AH0002	641.798	642.158	기다리는	[]
44	99	6	AH0002	642.298	642.598	고유한	[]
44	99	7	AH0002	642.678	643.318	사상마저	[]
44	99	8	AH0002	643.719	643.939	나는	[]
44	99	9	AH0002	644.139	644.499	초연이	[]
44	99	10	AH0002	644.519	644.719	이것을	[]
44	99	11	AH0002	644.839	645.099	시간	[]
44	99	12	AH0002	645.159	645.279	위에	[]
44	99	13	AH0002	645.319	645.94	얹고.	[63]
44	99	14	AH0002	646.14	646.24	이런	[]
44	99	15	AH0002	646.36	646.48	표현이	[]
44	99	16	AH0002	646.54	647.24	나오는데	[64]
44	99	17	AH0002	647.561	647.741	그런	[]
44	99	18	AH0002	647.861	648.341	시간을	[]
44	99	19	AH0002	648.921	649.341	살아내야	[]
44	99	20	AH0002	649.421	649.642	하는	[]
44	99	21	AH0002	650.282	650.682	시인의	[]
44	99	22	AH0002	650.922	651.082	그	[]
44	99	23	AH0002	651.603	651.903	서러운	[]
44	99	24	AH0002	652.003	652.443	마음들이	[]
44	100	1	AH0002	653.418	654.08	행간에서	[]
44	100	2	AH0002	654.16	654.421	행간	[]
44	100	3	AH0002	654.501	655.102	곳곳에서	[]
44	100	4	AH0002	655.263	655.824	어	[]
44	100	5	AH0002	656.125	657.168	들여다보입니다.	[65]
45	101	1	AH0001	657.557	658.318	어	[]
45	101	2	AH0001	658.418	658.819	@이름738	[]
45	101	3	AH0001	658.939	659.36	시인의	[]
45	101	4	AH0001	659.4	659.62	어떤	[]
45	101	5	AH0001	659.7	660.501	모더니즘풍	[]
45	101	6	AH0001	660.562	660.842	같은	[]
45	101	7	AH0001	660.882	661.102	것이	[]
45	101	8	AH0001	661.182	661.323	아주	[]
45	101	9	AH0001	661.423	661.703	진하게	[]
45	101	10	AH0001	661.783	662.404	느껴지는	[]
45	101	11	AH0001	662.625	662.785	그런	[]
45	101	12	AH0001	662.865	663.226	작품을	[]
45	101	13	AH0001	663.286	663.506	먼저	[]
45	101	14	AH0001	663.546	663.806	한번	[]
45	101	15	AH0001	663.967	664.047	방	[]
45	101	16	AH0001	664.087	664.407	안에서	[]
45	101	17	AH0001	664.467	664.808	익어가는	[]
45	101	18	AH0001	664.908	665.189	설움	[]
45	101	19	AH0001	665.609	666.671	같이	[]
45	101	20	AH0001	666.831	667.152	감상을	[]
45	101	21	AH0001	667.192	668.133	해봤고요	[]
45	102	1	AH0001	668.134	668.456	어떤	[]
45	102	2	AH0001	668.537	668.617	시를	[]
45	102	3	AH0001	668.657	668.698	한	[]
45	102	4	AH0001	668.778	669.02	편만	[]
45	102	5	AH0001	669.08	669.12	더	[]
45	102	6	AH0001	669.201	669.281	좀	[]
45	102	7	AH0001	669.905	669.986	볼	[]
45	102	8	AH0001	670.066	670.126	수	[]
45	102	9	AH0001	670.147	670.69	있을까요?	[]
46	103	1	AH0002	670.835	671.216	네.	[]
46	103	2	AH0002	671.356	671.617	이	[]
46	103	3	AH0002	671.637	672.278	설움의	[]
46	103	4	AH0002	672.358	672.679	정서가	[]
46	103	5	AH0002	672.739	673.1	담겨있는	[]
46	103	6	AH0002	673.16	673.441	작품	[]
46	103	7	AH0002	673.541	673.902	거미가	[]
46	103	8	AH0002	673.942	674.223	있는데	[]
46	103	9	AH0002	674.303	674.643	거미도	[]
46	103	10	AH0002	674.664	674.904	한번	[]
46	103	11	AH0002	675.024	675.425	찾아서	[]
46	103	12	AH0002	676.007	676.447	보셨으면	[]
46	103	13	AH0002	676.528	676.989	좋겠고요.	[66]
46	104	1	AH0002	677.611	677.891	이	[]
46	104	2	AH0002	678.412	678.572	이	[]
46	104	3	AH0002	678.733	679.033	거미가	[]
46	104	4	AH0002	679.033	679.614	짠	[]
46	104	5	AH0002	679.614	679.894	비교적	[]
46	104	6	AH0002	679.974	680.635	@이름738	[]
46	104	7	AH0002	680.655	681.036	시중에서	[]
46	104	8	AH0002	681.156	681.577	짧은	[]
46	104	9	AH0002	681.997	682.097	시에	[]
46	104	10	AH0002	682.177	682.698	속하는데	[]
46	105	1	AH0002	683.3	683.882	어	[]
46	105	2	AH0002	684.022	684.103	참	[]
46	105	3	AH0002	684.163	684.946	인상에	[]
46	105	4	AH0002	685.006	685.508	오랫동안	[]
46	105	5	AH0002	685.588	685.929	남아	[]
46	105	6	AH0002	686.069	686.812	있습니다	[]
46	106	1	AH0002	686.812	687.513	내가	[]
46	106	2	AH0002	687.533	688.114	으스러지게	[]
46	106	3	AH0002	688.234	688.554	설움에	[]
46	106	4	AH0002	688.634	688.834	몸을	[]
46	106	5	AH0002	688.935	689.215	태우는	[]
46	106	6	AH0002	689.275	689.535	것은	[]
46	106	7	AH0002	689.856	690.036	내가	[]
46	106	8	AH0002	690.156	690.476	바라는	[]
46	106	9	AH0002	690.516	690.737	것이	[]
46	106	10	AH0002	690.757	690.917	있기	[]
46	106	11	AH0002	690.997	691.758	때문이다	[]
46	107	1	AH0002	691.758	692.362	그러나	[]
46	107	2	AH0002	692.422	692.643	나는	[]
46	107	3	AH0002	692.824	692.925	그	[]
46	107	4	AH0002	693.006	693.428	으스러진	[]
46	107	5	AH0002	693.529	693.871	설움의	[]
46	107	6	AH0002	693.971	694.555	풍경마저	[]
46	107	7	AH0002	694.656	695.4	싫어진다	[]
46	108	1	AH0002	695.4	696.002	나는	[]
46	108	2	AH0002	696.083	696.384	너무나	[]
46	108	3	AH0002	696.464	696.725	자주	[]
46	108	4	AH0002	697.167	697.689	설움과	[]
46	108	5	AH0002	697.869	698.07	입을	[]
46	108	6	AH0002	698.15	698.612	맞추었기	[]
46	108	7	AH0002	698.692	698.973	때문에	[]
46	109	1	AH0002	699.154	700.099	가을바람에	[]
46	109	2	AH0002	700.32	700.602	늙어가는	[]
46	109	3	AH0002	700.722	701.225	거미처럼	[]
46	109	4	AH0002	701.727	702.19	몸이	[]
46	109	5	AH0002	702.25	702.491	까맣게	[]
46	109	6	AH0002	702.592	703.396	타버렸다	[]
46	110	1	AH0002	703.494	703.876	설움이	[]
46	110	2	AH0002	703.976	704.277	무엇인지	[]
46	110	3	AH0002	704.337	704.619	조금	[]
46	110	4	AH0002	704.699	705.101	구체적으로	[]
46	110	5	AH0002	705.161	705.482	들어간	[67]
46	110	6	AH0002	705.502	705.542	것	[]
46	110	7	AH0002	705.623	706.205	같습니다.	[]
47	111	1	AH0001	706.205	707.067	거미라는	[]
47	111	2	AH0001	707.147	707.607	제목의	[]
47	111	3	AH0001	708.028	709.07	시에서요.	[68]
47	112	1	AH0001	709.425	709.866	쫌	[]
47	112	2	AH0001	709.866	709.966	긴	[]
47	112	3	AH0001	710.187	710.367	시가	[]
47	112	4	AH0001	710.428	710.708	있고	[]
47	112	5	AH0001	710.869	710.989	또	[]
47	112	6	AH0001	711.109	711.33	많이	[]
47	112	7	AH0001	711.37	711.691	알려진	[]
47	112	8	AH0001	711.791	711.931	시가	[]
47	112	9	AH0001	711.951	712.012	한	[]
47	112	10	AH0001	712.112	712.232	편	[]
47	112	11	AH0001	712.292	713.375	있죠?	[]
48	113	1	AH0002	713.375	714.416	어	[]
48	113	2	AH0002	714.817	715.198	@이름738	[]
48	113	3	AH0002	715.438	715.638	시인의	[]
48	113	4	AH0002	715.778	716.039	좋은	[]
48	113	5	AH0002	716.199	716.78	시편들	[]
48	113	6	AH0002	717.06	717.261	물론	[]
48	113	7	AH0002	717.441	718.642	푸른하늘을이나	[]
48	113	8	AH0002	719.283	719.524	이런	[]
48	113	9	AH0002	720.004	720.145	눈	[]
48	113	10	AH0002	720.225	720.585	같은	[]
48	113	11	AH0002	720.966	721.026	짤막	[]
48	113	12	AH0002	721.126	721.366	짧은	[]
48	113	13	AH0002	721.446	721.647	시도	[]
48	113	14	AH0002	721.787	721.947	좋은	[]
48	113	15	AH0002	722.047	722.167	시가	[]
48	113	16	AH0002	722.208	722.328	많이	[]
48	113	17	AH0002	722.348	722.969	있습니다만은	[]
48	113	18	AH0002	723.85	723.87	어	[]
48	114	1	AH0002	725.13	725.612	대작이라	[]
48	114	2	AH0002	725.692	726.034	할까요?	[69]
48	114	3	AH0002	726.154	726.456	훌륭한	[]
48	114	4	AH0002	726.536	726.757	작품	[]
48	114	5	AH0002	726.837	727.4	좀	[]
48	114	6	AH0002	727.42	727.44	긴	[]
48	114	7	AH0002	727.882	728.364	작품들이	[]
48	114	8	AH0002	728.424	728.886	많아요.	[]
48	115	1	AH0002	729.42	729.64	다	[]
48	115	2	AH0002	729.781	730.201	읽기가	[]
48	115	3	AH0002	730.241	730.642	조금	[]
48	115	4	AH0002	731.023	731.744	어	[]
48	115	5	AH0002	732.104	732.545	시간이	[]
48	115	6	AH0002	732.705	733.106	어떨지	[]
48	115	7	AH0002	733.166	734.068	모르겠는데	[70]
48	115	8	AH0002	734.348	734.468	제가	[]
48	116	1	AH0002	734.924	735.144	가장	[]
48	116	2	AH0002	735.244	735.465	좋아하는	[]
48	116	3	AH0002	735.525	736.225	작품이면서	[]
48	116	4	AH0002	736.586	736.706	우리	[]
48	116	5	AH0002	736.746	738.067	학생들과	[]
48	116	6	AH0002	738.708	739.048	에	[]
48	116	7	AH0002	739.289	739.649	함께	[]
48	116	8	AH0002	739.929	740.15	읽는	[]
48	116	9	AH0002	740.17	740.57	자주	[71]
48	116	10	AH0002	740.61	740.85	읽는	[]
48	116	11	AH0002	740.97	741.451	작품이	[]
48	116	12	AH0002	741.531	741.751	바로	[]
48	116	13	AH0002	741.931	742.132	어느	[]
48	116	14	AH0002	742.192	742.312	날	[]
48	116	15	AH0002	742.492	742.932	고궁을	[]
48	116	16	AH0002	743.033	743.793	나오면서입니다.	[72]
48	117	1	AH0002	744.46	744.841	이	[]
48	117	2	AH0002	745.021	745.783	고궁은	[]
48	117	3	AH0002	746.505	746.545	뭐	[]
48	117	4	AH0002	746.645	746.725	잘	[]
48	117	5	AH0002	746.765	747.327	아시겠지만	[]
48	117	6	AH0002	747.487	748.449	왕궁이구요	[]
48	117	7	AH0002	748.55	748.75	옛날	[]
48	117	8	AH0002	748.81	749.111	왕들이	[]
48	117	9	AH0002	749.171	749.452	살았던	[]
48	117	10	AH0002	749.532	750.474	곳이죠?	[]
48	118	1	AH0002	750.474	750.895	고궁을	[]
48	118	2	AH0002	750.935	751.377	나오면서	[]
48	118	3	AH0002	751.618	751.838	나는	[]
48	118	4	AH0002	751.939	752.019	왜	[]
48	118	5	AH0002	752.059	753.203	이렇게	[]
48	118	6	AH0002	753.363	753.724	사소한	[]
48	118	7	AH0002	753.805	754.106	일에만	[]
48	118	8	AH0002	754.186	754.387	화를	[]
48	118	9	AH0002	754.447	755.952	내는가.	[73]
48	118	10	AH0002	755.972	756.112	아	[]
48	118	11	AH0002	756.132	756.152	에	[]
48	119	1	AH0002	756.822	757.203	언론의	[]
48	119	2	AH0002	757.283	757.623	자유도	[]
48	119	3	AH0002	757.683	758.004	요구하지	[]
48	119	4	AH0002	758.044	759.165	못하고	[]
48	119	5	AH0002	759.446	759.686	월남	[]
48	119	6	AH0002	759.806	760.107	파병에	[]
48	119	7	AH0002	760.187	760.547	반대도	[]
48	119	8	AH0002	760.607	760.968	못하고	[]
48	119	9	AH0002	761.649	761.809	또	[]
48	119	10	AH0002	762.35	762.55	다른	[]
48	119	11	AH0002	762.63	762.69	뭐	[]
48	119	12	AH0002	763.391	764.112	큰소리로	[]
48	119	13	AH0002	764.332	764.753	저항하지도	[]
48	119	14	AH0002	764.793	765.314	못하면서	[]
48	119	15	AH0002	765.815	765.955	왜	[]
48	119	16	AH0002	765.975	766.115	이렇게	[]
48	119	17	AH0002	766.175	767.457	옹졸하게	[]
48	119	18	AH0002	767.477	767.497	에	[]
48	119	19	AH0002	767.657	767.938	화만	[]
48	119	20	AH0002	768.118	768.779	내는가라는.	[74]
48	120	1	AH0002	769.932	770.873	소시민들의	[]
48	120	2	AH0002	771.033	771.214	그	[]
48	120	3	AH0002	771.354	771.694	뭐랄까.	[]
48	120	4	AH0002	771.995	772.355	자신을	[]
48	120	5	AH0002	772.515	773.156	포함한	[75]
48	120	6	AH0002	773.316	773.677	소시민	[]
48	120	7	AH0002	773.697	773.897	또는	[]
48	120	8	AH0002	773.997	774.878	지식인들의	[]
48	120	9	AH0002	775.059	775.739	나약함들을	[]
48	120	10	AH0002	776.32	776.52	그린	[76]
48	120	11	AH0002	776.941	777.161	아주	[]
48	120	12	AH0002	777.301	777.582	훌륭한	[]
48	120	13	AH0002	777.622	777.822	작품이라	[77]
48	120	14	AH0002	777.902	778.483	생각합니다.	[]
49	121	1	AH0001	778.867	779.268	그러면서	[]
49	121	2	AH0001	779.308	779.488	이제	[]
49	121	3	AH0001	779.608	780.109	중간에	[]
49	121	4	AH0001	780.389	780.75	그	[78]
49	121	5	AH0001	780.91	781.19	본인의	[]
49	121	6	AH0001	781.29	781.831	경험담을	[]
49	121	7	AH0001	781.911	782.032	하나	[]
49	121	8	AH0001	782.112	782.572	집어넣게	[]
49	121	9	AH0001	782.592	783.053	되지요?	[]
49	122	1	AH0001	783.067	783.908	그러니까	[79]
49	122	2	AH0001	784.389	785.69	포로수용소에	[80]
49	122	3	AH0001	785.73	785.951	있을	[]
49	122	4	AH0001	786.131	786.471	때	[81]
49	122	5	AH0001	787.192	787.433	에	[]
49	122	6	AH0001	787.553	787.813	전쟁	[]
49	122	7	AH0001	787.913	788.254	중에	[]
49	122	8	AH0001	788.794	789.175	에	[]
49	122	9	AH0001	789.335	789.755	거기서	[]
49	122	10	AH0001	790.196	790.256	그	[]
49	122	11	AH0001	790.316	791.177	간호원들과	[]
49	122	12	AH0001	791.578	791.678	그	[]
49	122	13	AH0001	791.818	792.259	스펀지를	[]
49	122	14	AH0001	792.339	792.94	만들고	[]
49	122	15	AH0001	793.08	793.781	그것들을	[]
49	122	16	AH0001	794.021	794.502	개키고	[]
49	122	17	AH0001	794.542	794.762	있는	[]
49	122	18	AH0001	794.862	795.042	나를	[]
49	122	19	AH0001	795.142	795.383	보고	[]
49	123	1	AH0001	796.317	796.557	다른	[]
49	123	2	AH0001	796.637	797.338	정보원이	[82]
49	123	3	AH0001	798.598	798.818	포로	[]
49	123	4	AH0001	798.878	799.259	경찰이	[]
49	123	5	AH0001	799.339	799.559	되지	[]
49	123	6	AH0001	799.579	799.599	그	[]
49	123	7	AH0001	800.199	800.319	뭐	[]
49	123	8	AH0001	800.799	800.9	그	[]
49	123	9	AH0001	801.0	801.62	간호사들하고	[]
49	123	10	AH0001	801.68	801.86	앉아	[]
49	123	11	AH0001	801.9	802.22	가지고	[]
49	123	12	AH0001	802.48	802.841	거즈나	[]
49	123	13	AH0001	802.921	803.101	개고	[]
49	123	14	AH0001	803.161	803.441	있단	[]
49	123	15	AH0001	803.521	803.881	말이냐.	[83]
49	123	16	AH0001	804.442	804.642	라고	[]
49	123	17	AH0001	804.702	804.822	할	[]
49	123	18	AH0001	804.982	805.002	때	[]
49	124	1	AH0001	805.696	805.816	거의	[]
49	124	2	AH0001	806.037	806.378	이제	[]
49	124	3	AH0001	806.879	807.179	놀리는	[]
49	124	4	AH0001	807.22	807.4	거죠.	[]
49	124	5	AH0001	807.54	807.761	사실.	[]
50	125	1	AH0002	807.88	808.161	조롱에	[]
50	125	2	AH0002	808.481	808.942	가깝겠죠?	[]
50	125	3	AH0002	808.982	809.002	네.	[]
51	126	1	AH0001	810.607	810.948	그러나	[]
51	126	2	AH0001	811.369	811.629	어	[]
51	126	3	AH0001	811.75	812.05	그랬던	[]
51	126	4	AH0001	812.07	812.311	어떤	[]
51	126	5	AH0001	812.371	813.213	자신의	[]
51	126	6	AH0001	813.273	813.534	행동	[]
51	126	7	AH0001	813.614	814.356	양식을	[]
51	126	8	AH0001	814.476	814.536	또	[]
51	126	9	AH0001	814.596	814.857	돌이켜	[]
51	126	10	AH0001	814.937	815.478	보면서	[]
51	126	11	AH0001	816.18	816.381	그건	[]
51	126	12	AH0001	816.481	817.022	그거였지만	[]
51	126	13	AH0001	817.082	817.423	그래도	[]
51	126	14	AH0001	817.543	817.623	더	[]
51	126	15	AH0001	817.744	817.924	크게	[]
51	126	16	AH0001	818.004	818.445	본다면	[]
51	127	1	AH0001	819.195	819.415	어	[]
51	127	2	AH0001	819.575	820.176	시대가	[]
51	127	3	AH0001	820.356	821.337	암울해지고	[]
51	127	4	AH0001	821.998	822.838	저항하고	[84]
51	127	5	AH0001	823.279	823.699	목소리를	[]
51	127	6	AH0001	823.799	823.979	내야	[]
51	127	7	AH0001	824.059	824.16	할	[]
51	127	8	AH0001	824.3	824.5	때도	[]
51	127	9	AH0001	824.56	824.76	나는	[]
51	127	10	AH0001	824.84	825.04	하진	[]
51	127	11	AH0001	825.1	825.381	못하고	[]
51	127	12	AH0001	825.441	825.821	있다라고	[]
51	127	13	AH0001	825.861	826.021	하는	[]
51	127	14	AH0001	826.081	826.462	것을	[]
51	127	15	AH0001	827.082	827.443	매우	[]
51	127	16	AH0001	828.103	828.363	스스로	[]
51	127	17	AH0001	828.443	829.284	자책하면서	[]
51	127	18	AH0001	829.304	830.105	말이죠.	[85]
51	128	1	AH0001	830.474	830.855	그러면서	[]
51	128	2	AH0001	830.935	831.255	마지막	[]
51	128	3	AH0001	831.977	832.317	어	[]
51	128	4	AH0001	832.618	832.879	부분에	[]
51	128	5	AH0001	832.919	833.4	가니까는	[]
51	128	6	AH0001	834.021	834.281	그런	[]
51	128	7	AH0001	834.441	834.962	대목이	[]
51	128	8	AH0001	835.363	835.704	있어서	[]
51	128	9	AH0001	835.744	835.844	이	[]
51	128	10	AH0001	835.964	836.085	시의	[]
51	128	11	AH0001	836.105	836.305	어떤	[]
51	128	12	AH0001	836.385	836.686	절정이	[]
51	128	13	AH0001	836.766	836.926	되지	[]
51	128	14	AH0001	836.966	837.247	않는가	[]
51	128	15	AH0001	837.327	837.908	싶은데요.	[]
52	129	1	AH0002	837.908	838.028	네.	[]
52	129	2	AH0002	838.188	838.469	마지막	[]
52	129	3	AH0002	838.569	838.729	부분을	[]
52	129	4	AH0002	838.769	838.95	한번	[]
52	129	5	AH0002	839.03	839.21	읽어보고	[86]
52	129	6	AH0002	839.591	839.751	잠깐	[]
52	129	7	AH0002	839.811	840.012	설명을	[]
52	129	8	AH0002	840.072	840.332	드릴까요?	[]
53	130	1	AH0001	840.388	840.858	그러지요.	[]
54	131	1	AH0002	841.443	841.924	아무래도	[]
54	131	2	AH0002	841.964	842.184	나는	[]
54	131	3	AH0002	842.325	842.745	비켜서	[]
54	131	4	AH0002	842.806	843.026	있다	[]
54	131	5	AH0002	843.387	843.808	절정	[]
54	131	6	AH0002	843.868	844.128	위에는	[]
54	131	7	AH0002	844.248	844.308	서	[]
54	131	8	AH0002	844.349	844.629	있지	[]
54	131	9	AH0002	844.669	845.01	않고	[]
54	131	10	AH0002	845.33	845.912	암만해도	[]
54	131	11	AH0002	846.072	846.573	조금쯤	[]
54	131	12	AH0002	846.713	847.074	옆으로	[]
54	131	13	AH0002	847.174	847.655	비켜서	[]
54	131	14	AH0002	847.715	848.216	있다	[]
54	132	1	AH0002	848.216	848.677	그리고	[]
54	132	2	AH0002	848.757	849.177	조금쯤	[]
54	132	3	AH0002	849.237	849.558	옆에	[]
54	132	4	AH0002	849.678	849.999	서있는	[]
54	132	5	AH0002	850.059	850.319	것이	[]
54	132	6	AH0002	850.539	850.96	조금쯤	[]
54	132	7	AH0002	851.1	851.561	비겁한	[]
54	132	8	AH0002	851.661	852.062	것이라고	[]
54	132	9	AH0002	852.142	852.362	알고	[]
54	132	10	AH0002	852.402	853.043	있다	[]
54	133	1	AH0002	853.043	853.626	그러니까	[]
54	133	2	AH0002	853.646	853.948	이렇게	[]
54	133	3	AH0002	854.069	854.551	옹졸하게	[]
54	133	4	AH0002	854.652	855.235	반응한다	[]
54	134	1	AH0002	855.235	856.436	이발쟁이에게	[]
54	134	2	AH0002	857.037	857.177	땅	[]
54	134	3	AH0002	857.317	857.698	주인에게는	[]
54	134	4	AH0002	857.758	858.098	못하고	[]
54	134	5	AH0002	858.198	858.439	이발	[]
54	134	6	AH0002	858.599	859.34	이발쟁이에게	[]
54	135	1	AH0002	859.7	860.282	구청	[]
54	135	2	AH0002	860.402	860.843	직원에게는	[]
54	135	3	AH0002	860.923	861.264	못하고	[]
54	135	4	AH0002	861.385	861.705	동호회	[]
54	135	5	AH0002	861.806	862.307	직원에게도	[]
54	135	6	AH0002	862.367	862.768	못하고	[]
54	135	7	AH0002	863.27	863.992	야경꾼에게	[]
54	135	8	AH0002	864.353	864.613	이십	[]
54	135	9	AH0002	864.694	864.794	원	[]
54	135	10	AH0002	864.894	865.195	때문에	[]
54	135	11	AH0002	865.355	865.436	십	[]
54	135	12	AH0002	865.496	865.576	원	[]
54	135	13	AH0002	865.716	866.017	때문에	[]
54	135	14	AH0002	866.178	866.278	일	[]
54	135	15	AH0002	866.378	866.398	원	[]
54	135	16	AH0002	866.499	866.779	때문에	[]
54	136	1	AH0002	867.27	867.751	우습지	[]
54	136	2	AH0002	867.771	868.071	않느냐.	[]
54	136	3	AH0002	868.331	868.392	일	[]
54	136	4	AH0002	868.432	868.532	원	[]
54	136	5	AH0002	868.652	868.972	때문에.	[]
54	136	6	AH0002	869.473	869.793	모레야.	[]
54	136	7	AH0002	870.154	870.334	나는	[]
54	136	8	AH0002	870.474	871.015	얼마큼	[]
54	136	9	AH0002	871.115	871.476	적으냐.	[]
54	136	10	AH0002	871.956	872.337	바람아.	[]
54	136	11	AH0002	872.577	873.018	먼지야.	[]
54	136	12	AH0002	873.238	873.398	풀아.	[]
54	136	13	AH0002	873.759	873.919	나는	[]
54	136	14	AH0002	874.039	874.46	얼마큼	[]
54	136	15	AH0002	874.56	874.941	적으냐.	[]
54	136	16	AH0002	875.401	875.802	정말	[]
54	136	17	AH0002	876.082	876.603	얼마큼	[]
54	136	18	AH0002	876.763	877.745	적으냐.	[87]
54	136	19	AH0002	877.825	877.845	네.	[]
55	137	1	AH0001	878.465	878.766	어	[]
55	137	2	AH0001	879.328	879.448	제가	[]
55	137	3	AH0001	879.549	880.231	중학교를	[]
55	137	4	AH0001	880.311	880.713	졸업하던	[]
55	137	5	AH0001	880.813	881.455	무렵에	[]
55	137	6	AH0001	881.977	882.078	저희	[]
55	137	7	AH0001	882.158	882.599	선생님이	[]
55	137	8	AH0001	882.619	882.64	이	[]
55	137	9	AH0001	882.82	883.041	시를	[]
55	137	10	AH0001	883.342	883.603	소개를	[]
55	137	11	AH0001	883.643	883.703	해	[]
55	137	12	AH0001	883.763	884.486	주셨었어요.	[]
56	138	1	AH0002	884.486	884.506	아.	[]
56	138	2	AH0002	884.526	885.129	그렇습니까.	[]
56	138	3	AH0002	885.149	885.169	예.	[]
56	138	4	AH0002	885.531	885.833	일찍	[]
56	138	5	AH0002	885.853	886.255	아셨네요.	[]
57	139	1	AH0001	886.476	886.758	일찍	[]
57	139	2	AH0001	886.778	888.309	알았죠.	[]
57	140	1	AH0001	888.309	888.692	그랬는데	[]
57	140	2	AH0001	889.215	889.477	아	[]
57	140	3	AH0001	889.497	889.517	이	[]
57	140	4	AH0001	889.598	889.819	대목	[]
57	140	5	AH0001	889.9	890.061	참	[]
57	140	6	AH0001	890.202	891.269	충격적이었어요.	[88]
57	141	1	AH0001	891.513	891.853	그런데	[]
57	141	2	AH0001	892.734	892.835	그	[]
57	141	3	AH0001	892.975	893.295	후로도	[]
57	141	4	AH0001	893.395	893.575	늘	[]
57	141	5	AH0001	893.736	893.796	이	[]
57	141	6	AH0001	893.876	894.276	구절이	[]
57	141	7	AH0001	894.657	895.057	이	[]
57	141	8	AH0001	895.257	896.038	머리에	[89]
57	141	9	AH0001	896.319	896.799	뇌리를	[]
57	141	10	AH0001	896.979	897.16	치곤	[]
57	141	11	AH0001	897.2	897.8	했었는데요.	[]
57	141	12	AH0001	897.96	898.301	절정	[]
57	141	13	AH0001	898.361	898.641	위에는	[]
57	141	14	AH0001	898.741	898.821	서	[]
57	141	15	AH0001	898.861	899.102	있지	[]
57	141	16	AH0001	899.162	900.183	못한다.	[90]
57	142	1	AH0001	900.23	900.692	옆으로	[]
57	142	2	AH0001	900.772	901.134	조금쯤	[]
57	142	3	AH0001	901.214	901.395	비켜	[]
57	142	4	AH0001	901.496	901.576	서	[]
57	142	5	AH0001	901.616	902.038	있다	[]
58	143	1	AH0002	902.038	902.321	늘	[]
58	143	2	AH0002	902.462	902.988	방관자	[]
58	143	3	AH0002	903.17	903.351	위치에	[]
58	143	4	AH0002	903.372	903.392	서	[]
58	143	5	AH0002	903.513	903.796	있다.	[]
59	144	1	AH0001	903.798	903.999	그리고	[]
59	144	2	AH0001	904.059	904.22	그는	[]
59	144	3	AH0001	904.381	904.762	비겁한	[]
59	144	4	AH0001	904.823	905.325	것이다	[]
60	145	1	AH0002	905.39	905.45	는	[]
60	145	2	AH0002	905.531	905.591	걸	[]
60	145	3	AH0002	905.652	905.873	자기도	[]
60	145	4	AH0002	905.933	906.074	알고	[]
60	145	5	AH0002	906.094	906.637	있죠.	[]
60	145	6	AH0002	906.939	906.959	네.	[]
61	146	1	AH0001	907.401	907.781	저도	[]
61	146	2	AH0001	907.821	908.061	역시	[]
61	146	3	AH0001	908.121	908.421	절정에	[]
61	146	4	AH0001	908.442	908.462	서	[]
61	146	5	AH0001	908.502	908.762	있지	[]
61	146	6	AH0001	908.802	909.482	못하고	[91]
61	146	7	AH0001	909.502	909.522	늘	[]
61	146	8	AH0001	909.742	909.922	비켜	[]
61	146	9	AH0001	910.002	910.062	서	[]
61	146	10	AH0001	910.102	910.643	있는데	[]
61	146	11	AH0001	911.083	911.283	아.	[]
61	146	12	AH0001	911.643	911.823	그래	[]
61	146	13	AH0001	911.843	912.023	나도	[]
61	146	14	AH0001	912.043	912.263	역시	[]
61	146	15	AH0001	912.323	912.664	비겁한	[]
61	146	16	AH0001	912.724	913.024	놈이야.	[92]
61	146	17	AH0001	913.464	913.844	하고	[]
61	146	18	AH0001	914.745	915.605	반성하던	[93]
61	146	19	AH0001	916.345	916.405	늘	[]
61	146	20	AH0001	916.505	916.746	그런	[]
61	146	21	AH0001	916.906	917.446	구절인데	[]
61	147	1	AH0001	918.036	918.497	바람아.	[]
61	147	2	AH0001	918.657	919.037	먼지야.	[]
61	147	3	AH0001	919.318	919.478	풀아.	[]
61	147	4	AH0001	919.678	919.839	나는	[]
61	147	5	AH0001	919.919	920.359	얼마큼	[]
61	147	6	AH0001	920.439	920.8	적으냐.	[]
61	147	7	AH0001	920.92	921.221	정말	[]
61	147	8	AH0001	921.321	921.761	얼마큼	[]
61	147	9	AH0001	921.841	922.322	적으냐라고	[]
61	147	10	AH0001	922.442	923.043	철저하게	[]
61	147	11	AH0001	923.103	923.324	자기를	[]
61	147	12	AH0001	923.384	923.784	돌아보는	[94]
61	147	13	AH0001	923.924	924.165	부분에	[]
61	147	14	AH0001	924.345	924.545	가게	[]
61	147	15	AH0001	924.605	924.846	되면은	[]
61	148	1	AH0001	925.927	926.168	어	[]
61	148	2	AH0001	926.288	926.69	@이름738이	[]
61	148	3	AH0001	926.77	927.031	결코	[]
61	148	4	AH0001	927.051	927.252	그렇게	[]
61	148	5	AH0001	927.472	927.733	작게	[]
61	148	6	AH0001	927.794	928.115	살았던	[]
61	148	7	AH0001	928.175	928.496	사람은	[]
61	148	8	AH0001	928.637	929.199	아니었구나.	[95]
61	148	9	AH0001	929.741	929.861	하는	[]
61	148	10	AH0001	929.961	930.102	생각을	[]
62	149	1	AH0002	930.46	930.781	맞습니다.	[]
62	149	2	AH0002	930.841	931.161	이렇게	[]
62	149	3	AH0002	931.201	931.522	아프게	[]
62	149	4	AH0002	931.582	931.983	자기를	[]
62	149	5	AH0002	932.143	932.443	돌아볼	[]
62	149	6	AH0002	932.564	932.624	수	[]
62	149	7	AH0002	932.644	932.864	있고	[]
62	149	8	AH0002	932.924	933.325	성찰할	[]
62	149	9	AH0002	933.425	933.485	수	[]
62	149	10	AH0002	933.525	933.846	있다는	[96]
62	149	11	AH0002	933.966	934.206	것	[]
62	149	12	AH0002	934.226	934.908	자체만으로도	[]
62	149	13	AH0002	935.809	936.27	정말	[]
62	149	14	AH0002	936.47	936.651	힘이	[]
62	149	15	AH0002	936.671	937.011	있다는	[97]
62	149	16	AH0002	937.713	937.893	또다른	[]
62	149	17	AH0002	937.953	938.113	힘이	[]
62	149	18	AH0002	938.133	938.374	있다는	[]
62	149	19	AH0002	938.394	938.714	의미이기도	[]
62	149	20	AH0002	938.754	939.155	하겠죠.	[]
62	150	1	AH0002	939.171	939.973	어	[98]
62	150	2	AH0002	940.093	940.434	한국	[]
62	150	3	AH0002	940.674	941.436	문학사에	[]
62	150	4	AH0002	941.516	942.158	부끄러움의	[]
62	150	5	AH0002	942.298	942.739	시학이란	[]
62	150	6	AH0002	942.839	943.08	말을	[]
62	150	7	AH0002	943.601	943.801	사용할	[]
62	150	8	AH0002	943.861	943.921	수	[]
62	150	9	AH0002	943.942	944.423	있다면은	[]
62	150	10	AH0002	945.044	945.124	그	[]
62	150	11	AH0002	945.164	945.445	안에	[]
62	150	12	AH0002	945.786	946.006	그	[]
62	150	13	AH0002	946.347	946.447	이	[]
62	150	14	AH0002	946.587	946.768	어느	[]
62	150	15	AH0002	946.788	946.808	날	[]
62	150	16	AH0002	947.028	947.309	고공을	[]
62	150	17	AH0002	947.449	947.71	고궁을	[]
62	150	18	AH0002	947.77	948.131	나오면서	[99]
62	150	19	AH0002	948.251	948.351	꼭	[]
62	150	20	AH0002	948.451	948.792	얘기해야	[]
62	150	21	AH0002	948.872	948.912	될	[]
62	150	22	AH0002	948.993	949.053	것	[]
62	150	23	AH0002	949.073	949.293	같습니다.	[100]
